26.13
23.59
23.59
23.01
23.01
23.01
22.89
22.89
22.89
22.85
22.89
22.89
22.77
22.77
22.77
22.83
22.83
22.99
22.99
22.99
22.89
22.89
22.89
22.77
22.77
22.65
22.65
22.63
22.63
22.51
22.51
22.51
22.59
22.59
22.71
22.71
22.71
22.71
22.71
22.63
22.63
22.73
22.73
22.73
22.75
22.75
22.85
22.85
22.71
22.83
22.83
22.87
22.87
22.87
22.93
22.93
22.93
22.95
22.93
22.93
22.93
22.93
22.93
22.83
22.83
22.83
22.99
22.99
22.91
22.91
22.73
22.73
22.73
22.61
22.61
22.57
22.57
22.57
22.59
22.59
22.65
22.65
22.65
22.65
22.65
22.75
22.75
22.75
22.75
22.75
22.73
22.73
22.77
22.77
22.77
22.75
22.79
22.79
22.93
22.93
22.93
23.03
23.03
22.97
22.97
22.89
22.89
22.89
22.79
22.79
22.89
22.89
22.89
22.95
22.95
22.95
22.89
22.89
22.83
22.83
22.75
22.75
22.65
22.65
22.65
22.55
22.55
22.51
22.51
22.51
22.59
22.59
22.69
22.69
22.71
22.71
22.71
22.73
22.73
22.79
22.79
22.79
22.79
22.85
22.73
22.73
22.89
22.91
22.91
22.91
22.99
22.99
22.99
22.87
22.87
22.87
22.87
22.87
22.87
22.99
22.99
22.99
23.05
23.05
22.87
22.87
22.77
22.77
22.77
22.69
22.69
22.71
22.71
22.71
22.57
22.57
22.69
22.69
22.67
22.67
22.67
22.67
22.67
22.69
22.69
22.69
22.63
22.63
22.63
22.75
22.75
22.77
22.75
22.91
22.91
22.99
22.99
22.99
22.97
22.97
22.79
22.79
22.79
22.77
22.77
22.77
22.95
23.01
23.01
23.01
23.07
23.07
23.01
23.01
23.01
22.87
22.87
22.59
22.59
22.59
22.65
22.65
22.63
22.63
22.63
22.67
22.67
22.67
22.73
22.73
22.75
22.79
22.79
22.79
22.81
22.81
22.73
22.73
22.73
22.77
22.77
22.95
22.95
22.89
22.89
22.89
22.99
22.99
22.91
22.91
22.91
22.95
22.95
22.99
22.99
22.99
23.09
23.09
22.99
22.99
22.93
22.93
22.93
22.81
22.81
22.75
22.75
22.75
22.55
22.55
22.65
22.65
22.73
22.73
22.73
22.75
22.75
22.75
22.81
22.81
22.81
22.81
22.73
22.73
22.73
22.77
22.77
22.85
22.81
22.83
22.83
22.83
22.87
22.87
22.93
22.93
22.95
22.95
22.95
22.93
22.93
22.93
23.09
23.09
23.19
23.19
23.23
23.23
23.23
23.05
23.05
23.01
23.01
22.79
22.79
22.79
22.65
22.65
22.67
22.67
22.67
22.67
22.69
22.73
22.73
22.79
22.79
22.79
22.65
22.65
22.77
22.77
22.77
22.83
22.83
22.91
22.85
22.77
22.77
22.77
22.97
22.97
22.93
22.93
22.93
22.93
22.93
22.99
22.99
22.99
23.21
23.21
23.27
23.27
23.25
23.25
23.25
23.11
23.11
22.93
22.93
22.93
22.71
22.71
22.83
22.83
22.77
22.77
22.77
22.81
22.81
22.73
22.73
22.73
22.69
22.69
22.75
22.75
22.79
22.79
22.79
22.83
22.83
22.83
22.91
22.91
22.75
22.75
22.81
22.81
22.81
22.89
22.89
22.97
22.97
23.07
23.07
23.07
23.17
23.17
23.35
23.35
23.23
23.23
23.23
23.09
23.09
22.93
22.93
22.93
22.79
22.79
22.79
22.77
22.77
22.81
22.81
22.77
22.77
22.83
22.83
22.83
22.79
22.79
22.71
22.71
22.71
22.73
22.73
22.85
22.85
22.89
23.31
22.79
22.79
22.77
22.77
22.87
22.87
22.87
23.03
23.03
23.13
23.13
23.13
23.43
23.43
23.69
23.69
23.69
23.43
23.43
23.27
23.27
23.03
23.03
23.03
22.91
22.91
22.91
22.91
22.91
22.77
22.77
22.81
22.81
22.81
22.77
22.77
22.87
22.87
22.87
22.91
22.91
22.85
22.85
22.97
22.97
22.95
22.95
22.55
22.55
22.71
22.71
22.71
22.79
22.79
22.87
22.87
22.87
23.11
23.11
23.45
23.45
23.45
23.61
23.61
23.49
23.49
23.31
23.31
23.15
23.15
23.15
22.89
22.89
22.89
22.89
22.89
22.73
22.73
22.73
22.73
22.73
22.69
22.69
22.69
22.81
22.75
22.75
22.75
22.87
22.87
22.83
22.83
22.83
22.89
22.89
22.63
22.59
22.59
22.69
22.69
22.69
22.93
22.93
23.33
23.33
23.79
23.79
23.79
24.49
24.49
24.49
24.77
24.77
24.21
24.21
23.81
23.81
23.51
23.51
23.51
23.07
23.07
22.87
22.87
22.87
22.89
22.89
22.89
22.89
22.85
22.85
22.85
22.91
22.91
22.83
22.83
22.83
22.79
22.79
22.79
22.93
22.93
22.89
22.57
22.55
22.55
22.71
22.71
22.71
22.85
22.85
23.27
23.27
24.35
24.35
25.03
25.03
25.47
25.47
25.47
25.25
25.25
24.53
24.53
24.53
24.01
24.01
23.55
23.55
23.29
23.29
23.29
23.15
23.15
22.97
22.97
22.97
23.01
23.01
22.93
22.93
22.95
22.95
22.95
22.91
22.91
22.91
22.85
22.85
22.91
22.91
22.43
22.39
22.39
22.69
22.69
22.69
22.69
22.67
23.19
23.19
24.09
24.09
24.09
25.11
25.11
25.53
25.53
25.43
25.43
24.71
24.71
24.71
24.21
24.21
23.67
23.67
23.35
23.35
23.35
23.09
23.09
23.13
23.13
22.89
22.89
22.89
22.87
22.87
22.95
22.95
22.95
22.95
22.95
22.95
22.95
22.95
22.93
22.93
22.89
22.89
22.59
22.65
22.65
22.65
22.83
22.83
23.27
23.27
24.51
24.51
25.65
25.65
26.31
26.31
26.31
26.73
26.73
26.37
25.87
25.87
25.87
25.27
25.27
24.49
24.49
24.49
23.87
23.87
23.37
23.37
23.03
23.03
23.03
22.95
22.95
22.95
22.91
22.91
22.99
22.99
22.87
22.87
22.93
22.93
22.93
22.99
22.69
22.47
22.47
22.47
22.71
22.71
22.85
22.85
23.57
23.57
23.57
24.87
24.87
25.91
25.91
26.45
26.65
26.65
26.19
26.19
26.19
25.73
25.73
25.23
25.23
25.23
25.23
24.39
23.81
23.81
23.37
23.37
23.17
23.17
23.01
23.01
23.01
22.89
22.89
22.95
22.95
22.95
23.03
23.03
23.03
23.03
23.01
23.01
22.73
22.67
22.67
22.85
22.85
22.85
22.85
23.13
23.13
23.49
24.55
24.55
25.59
25.59
26.43
26.43
26.93
26.93
26.93
26.87
26.63
26.63
26.63
26.17
26.17
25.41
25.41
25.41
24.53
24.53
23.81
23.81
23.39
23.39
23.15
23.15
22.99
22.99
22.99
23.07
23.07
22.97
22.97
22.97
22.93
22.93
22.89
22.89
22.57
22.57
22.65
22.65
22.95
22.95
23.15
23.15
23.15
23.85
23.85
25.09
25.09
26.21
26.67
26.67
27.11
27.11
27.11
26.85
26.85
26.63
26.63
26.63
25.99
25.99
25.07
25.07
24.27
24.27
24.27
23.57
23.57
23.57
23.15
23.15
22.97
22.97
23.11
23.11
23.03
23.03
23.03
23.11
23.11
23.11
23.09
23.09
24.29
24.29
23.71
23.75
23.75
23.75
23.85
23.99
23.99
24.25
24.25
24.25
25.29
25.81
25.81
25.81
25.81
26.23
26.69
26.69
26.69
26.73
26.73
26.99
26.99
26.59
26.59
26.59
25.67
25.67
24.69
24.69
23.97
23.97
23.97
23.47
23.47
23.19
23.19
23.19
23.11
23.11
23.07
23.07
23.05
23.05
23.05
22.95
23.55
23.39
23.39
23.39
23.39
23.75
23.99
23.99
24.09
24.09
24.09
25.05
25.05
25.85
25.85
25.85
25.85
26.39
26.55
26.55
26.83
26.83
26.83
27.03
27.03
27.03
26.59
26.59
25.73
25.73
24.77
24.77
23.99
23.99
23.99
23.51
23.51
23.21
23.21
23.21
23.17
23.17
23.17
23.13
23.09
23.09
23.09
23.03
24.79
24.79
24.93
24.93
24.93
25.19
25.37
25.37
25.17
25.17
25.17
25.37
25.37
25.67
25.67
25.67
25.81
25.81
25.89
25.89
25.95
25.95
25.95
26.53
26.53
26.75
26.75
26.75
26.37
26.37
25.57
25.57
25.57
24.83
24.83
24.07
24.07
23.63
23.63
23.63
23.15
23.15
23.07
23.07
23.11
23.11
23.11
23.09
24.93
25.07
25.07
25.07
25.31
25.31
25.31
25.29
25.21
25.21
25.21
25.33
25.33
25.69
25.69
25.69
25.69
25.83
25.87
25.87
25.95
25.95
25.95
26.61
26.61
26.61
26.71
26.71
26.53
26.53
25.65
25.65
24.83
24.83
24.83
24.19
24.19
23.71
23.71
23.71
23.27
23.27
23.13
23.13
23.19
23.19
23.19
23.13
26.17
26.45
26.45
26.45
26.75
26.75
26.71
26.71
26.43
26.43
26.43
26.11
26.11
25.99
25.99
25.99
25.77
25.77
25.49
25.49
25.49
25.37
25.37
25.83
25.83
26.39
26.39
26.39
26.39
26.67
26.67
26.45
25.89
25.89
25.89
25.03
25.03
24.25
24.25
24.25
23.55
23.55
23.55
23.27
23.27
23.15
23.15
23.07
26.13
26.49
26.49
26.89
26.89
26.89
26.91
26.91
26.39
26.39
26.39
26.21
26.21
26.05
26.05
25.79
25.79
25.79
25.53
25.53
25.39
25.39
25.39
25.85
25.85
26.43
26.43
26.43
26.67
26.67
26.53
26.53
25.99
25.99
25.99
24.99
24.99
24.17
24.17
24.17
23.67
23.67
23.31
23.31
23.19
23.19
23.19
23.13
27.23
27.67
27.67
28.13
28.13
28.13
28.13
28.13
27.89
27.89
27.89
27.37
27.37
26.95
26.95
26.95
26.53
26.53
25.69
25.69
25.19
25.19
25.19
25.41
25.41
26.05
26.05
26.69
26.69
26.69
27.11
27.11
26.83
26.83
26.83
26.03
26.03
24.93
24.33
24.33
24.33
23.49
23.49
23.49
23.35
23.35
23.25
23.25
26.93
27.77
27.77
27.77
28.17
28.17
28.17
28.17
28.17
27.71
27.71
27.35
27.35
26.97
26.97
26.97
26.41
26.41
25.63
25.63
25.63
25.27
25.27
25.59
25.59
26.21
26.21
26.21
26.79
26.79
27.07
27.07
27.07
26.71
26.71
25.97
25.97
24.93
24.93
24.17
24.17
23.45
23.45
23.31
23.31
23.19
23.19
23.23
26.83
27.83
27.83
28.37
28.37
28.63
28.63
28.63
28.59
28.59
28.59
28.27
28.27
28.07
28.07
27.73
27.73
27.73
26.75
26.75
26.05
26.05
25.81
25.81
25.81
26.31
26.31
26.87
26.87
27.53
27.53
27.53
27.79
27.79
27.17
27.17
27.17
26.05
25.25
25.25
24.09
24.09
23.79
23.79
23.63
23.63
23.63
23.53
27.65
28.23
28.23
28.57
28.57
28.57
28.61
28.61
28.39
28.39
28.39
28.25
28.25
27.97
27.97
27.65
27.65
27.65
26.51
26.07
26.07
26.07
25.85
25.85
25.85
26.25
26.75
26.75
26.75
27.29
27.29
27.71
27.71
27.71
27.71
27.31
26.49
26.49
26.49
25.33
24.31
24.31
23.93
23.93
23.77
23.77
23.63
23.63
26.45
26.45
27.17
27.61
27.61
27.61
27.93
27.93
28.29
28.29
28.43
28.43
28.43
28.71
28.71
28.51
28.51
27.63
27.63
27.63
27.05
27.05
26.79
26.79
26.79
27.21
27.21
27.61
27.61
28.11
28.11
28.11
28.55
28.55
28.33
28.33
28.33
27.43
27.43
26.29
25.67
25.67
25.67
25.37
25.37
25.11
25.11
25.11
27.43
27.43
27.43
27.63
27.63
28.03
28.03
28.03
28.33
28.33
28.47
28.47
28.47
28.67
28.67
28.57
28.57
27.71
27.71
27.71
27.13
27.13
26.87
26.87
26.87
27.13
27.13
27.63
27.63
28.23
28.23
28.23
28.59
28.59
28.17
28.17
28.17
27.31
27.31
26.19
25.69
25.69
25.69
25.29
25.29
24.99
24.99
24.99
26.59
26.59
25.83
26.15
26.15
26.15
26.59
26.59
27.29
27.29
27.29
27.99
27.99
27.99
28.55
28.33
28.33
28.33
27.77
27.77
27.69
27.69
27.69
27.71
27.71
27.97
27.97
28.27
28.27
28.27
28.79
28.79
29.05
29.05
29.05
29.05
29.05
28.51
28.51
28.11
28.11
27.51
27.51
27.23
27.23
27.23
26.63
26.63
25.77
25.77
25.69
25.95
25.95
26.37
26.37
26.37
26.73
26.73
27.55
27.55
27.55
28.21
28.21
28.17
28.17
27.87
27.87
27.87
27.83
27.83
27.85
27.85
27.85
28.17
28.17
28.39
28.39
28.77
28.77
28.77
29.17
29.17
29.29
29.29
29.29
29.29
29.17
28.69
28.39
28.39
28.39
28.23
28.23
27.63
27.63
27.63
26.43
25.13
25.19
25.19
25.53
25.53
25.53
26.33
26.33
27.09
27.09
27.09
27.93
27.93
28.29
28.29
28.03
28.03
28.03
27.75
27.75
27.87
27.87
27.87
28.09
28.09
28.09
28.21
28.65
28.65
28.65
28.95
28.95
29.27
29.27
29.27
29.09
29.09
28.83
28.83
28.49
28.49
28.49
28.29
28.29
27.63
27.63
27.63
25.55
23.99
23.85
23.85
23.85
24.11
24.11
24.95
24.95
26.01
26.01
26.63
26.63
27.43
27.43
27.43
27.43
27.43
27.49
27.49
27.73
27.73
27.73
28.13
28.13
28.13
28.35
28.35
28.35
28.73
29.05
29.05
29.05
29.35
29.35
29.75
29.75
29.89
29.89
29.89
30.11
30.11
30.23
30.23
29.89
29.89
29.89
28.87
24.27
23.73
23.73
23.85
23.85
23.85
24.21
24.21
25.11
25.11
26.09
26.09
26.09
27.03
27.03
27.29
27.29
27.31
27.31
27.31
27.57
27.57
27.87
27.87
27.87
28.35
28.35
28.71
28.71
29.03
29.03
29.03
29.31
29.31
29.31
29.81
29.81
29.87
29.87
30.19
30.19
30.31
30.31
30.31
30.29
30.29
29.39
29.39
24.47
23.57
23.55
23.55
23.55
23.97
23.97
24.77
24.77
25.75
25.75
25.75
26.79
27.31
27.31
27.31
27.41
27.41
27.19
27.19
27.51
27.51
27.51
27.87
27.87
28.33
28.33
28.33
28.73
28.73
29.05
29.05
29.45
29.45
29.45
29.69
29.69
29.99
29.99
29.99
30.21
30.21
30.41
30.41
30.41
30.13
30.13
28.79
24.05
23.33
23.33
23.57
23.57
23.57
24.05
24.75
24.75
25.69
25.69
25.69
26.87
27.23
27.23
27.23
27.35
27.35
27.29
27.29
27.47
27.47
27.47
27.79
27.79
28.29
28.29
28.29
28.71
28.71
29.03
29.03
29.39
29.39
29.39
29.53
29.53
29.59
29.59
29.59
29.59
29.81
29.85
29.85
29.79
29.79
29.79
28.61
23.99
23.41
23.41
23.61
23.61
24.41
24.41
24.41
25.33
25.33
26.39
26.39
27.07
27.07
27.33
27.33
27.35
27.35
27.35
27.41
27.41
27.41
27.55
27.55
28.01
28.01
28.41
28.41
28.93
28.93
28.93
29.27
29.27
29.25
29.25
29.25
29.21
29.21
29.13
29.13
28.99
28.99
28.99
29.09
29.09
28.69
28.69
28.69
25.65
23.93
23.81
23.81
23.81
24.15
24.15
24.79
24.79
25.97
25.97
26.67
26.67
27.29
27.29
27.29
27.55
27.55
27.39
27.39
27.43
27.43
27.43
27.69
27.69
28.13
28.13
28.13
28.65
28.65
29.05
29.05
29.21
29.21
29.21
29.27
29.27
29.27
29.27
29.27
29.05
29.05
28.95
28.95
28.85
28.85
28.85
27.81
25.03
25.03
24.71
24.71
24.97
24.97
25.37
25.37
25.37
26.23
26.23
27.43
27.71
27.71
27.71
27.81
27.81
27.39
27.39
27.39
27.39
27.29
27.25
27.25
27.25
27.65
27.65
28.39
28.39
28.89
28.89
28.89
29.21
29.21
28.95
28.95
28.55
28.55
28.55
27.93
27.93
27.51
27.51
27.51
27.61
27.61
27.07
27.07
25.49
25.49
25.49
25.85
25.85
25.85
26.27
26.27
26.73
26.73
27.41
27.41
27.41
28.25
28.25
28.19
28.19
28.19
27.43
27.43
27.07
27.07
27.05
27.05
27.05
27.67
27.67
28.45
28.45
28.45
28.87
28.87
29.01
29.01
28.77
28.77
28.77
27.93
27.93
27.93
26.77
26.37
26.37
26.23
26.23
26.09
26.09
26.09
26.35
25.69
25.69
25.87
25.87
25.87
26.07
26.07
26.57
26.57
27.53
27.53
27.53
28.23
28.23
28.31
28.31
28.31
27.53
27.53
27.01
27.01
26.99
26.99
26.99
26.99
27.73
27.73
28.47
28.47
28.89
28.89
29.15
29.15
28.85
28.85
28.85
27.87
27.87
27.87
26.89
26.29
26.29
26.29
26.23
26.23
25.87
25.87
25.87
26.55
26.89
27.11
27.11
27.37
27.37
27.37
27.73
27.73
27.73
28.13
28.13
28.55
28.55
28.49
28.49
28.49
27.63
27.63
27.05
27.05
27.41
27.41
27.41
27.81
27.81
27.81
28.33
28.33
28.67
28.67
28.61
28.61
28.05
28.05
28.05
26.79
25.97
25.97
25.97
25.09
25.09
24.71
24.71
24.69
24.69
24.69
27.25
27.43
27.43
27.65
27.65
27.97
27.97
27.97
28.09
28.09
28.51
28.51
28.51
28.65
28.65
28.65
28.49
27.69
27.69
27.69
27.37
27.37
27.49
27.49
27.49
27.77
27.77
28.11
28.11
28.19
28.19
28.19
28.03
28.03
27.55
27.55
27.55
26.35
25.37
25.37
25.37
24.47
24.47
24.11
24.11
24.01
24.01
24.01
27.17
27.17
27.39
27.65
27.65
27.99
27.99
27.99
28.13
28.13
28.51
28.51
28.51
28.69
28.69
28.51
28.51
27.75
27.75
27.75
27.31
27.31
27.31
27.41
27.41
27.85
27.85
28.05
28.05
28.05
28.11
28.11
28.05
28.05
27.53
27.53
27.53
27.53
25.13
25.13
25.13
24.45
24.45
24.21
24.21
23.99
23.99
23.99
27.27
27.61
27.61
27.61
28.11
28.31
28.31
28.31
28.35
28.35
28.29
28.29
28.29
28.35
28.35
28.43
28.43
28.43
28.43
28.03
27.75
27.75
27.57
27.57
27.57
27.33
27.33
27.33
27.07
27.07
26.79
26.79
26.55
26.55
26.09
26.09
26.09
24.99
24.19
24.19
24.19
23.79
23.79
23.39
23.39
23.33
23.33
23.33
27.15
27.61
27.61
27.89
27.89
27.89
28.17
28.17
28.31
28.31
28.25
28.25
28.25
28.27
28.27
28.35
28.35
28.35
28.01
28.01
27.71
27.71
27.59
27.59
27.59
27.33
27.33
27.01
27.01
27.01
26.73
26.73
26.65
26.65
26.65
26.03
26.03
24.99
24.37
24.37
24.37
23.69
23.69
23.59
23.59
23.43
23.43
23.43
26.55
26.67
26.67
27.17
27.17
27.17
27.49
27.49
27.57
27.57
27.57
27.61
27.61
27.61
27.91
28.11
28.11
28.11
27.73
27.73
27.43
27.43
27.43
27.43
27.07
26.51
26.51
26.51
25.87
25.87
25.47
25.47
25.27
25.27
25.27
24.79
24.79
24.21
24.21
24.21
23.67
23.67
23.67
23.43
23.37
23.37
23.37
23.37
26.39
26.75
26.75
26.75
26.75
27.23
27.55
27.55
27.49
27.49
27.49
27.55
27.55
27.99
27.99
27.99
28.13
28.13
27.79
27.79
27.79
27.43
27.43
27.13
27.13
26.53
26.53
26.53
26.53
25.89
25.53
25.53
25.33
25.33
25.33
24.77
24.77
24.19
24.19
24.19
23.73
23.73
23.73
23.45
23.43
23.43
23.43
23.33
24.89
24.89
25.09
25.09
25.43
25.43
25.43
25.81
25.81
26.17
26.17
26.69
26.69
27.29
27.29
27.29
27.59
27.59
26.99
26.99
26.71
26.71
26.71
26.09
26.09
26.09
25.35
25.35
24.57
24.57
24.25
24.25
24.25
23.99
23.99
23.65
23.65
23.61
23.61
23.61
23.31
23.31
23.15
23.15
23.27
23.27
23.27
23.31
24.71
24.71
24.81
24.81
25.45
25.45
25.91
25.91
26.03
26.03
26.03
26.65
26.65
27.35
27.35
27.35
27.65
27.65
27.25
27.25
26.77
26.77
26.77
26.17
26.17
26.17
25.33
25.33
25.33
24.69
24.27
24.27
23.95
23.95
23.95
23.67
23.67
23.47
23.47
23.47
23.27
23.27
23.25
23.25
23.23
23.23
23.23
23.27
23.95
24.03
24.03
24.03
24.41
24.41
24.77
24.77
25.29
25.29
25.29
26.15
26.15
27.03
27.03
27.03
27.31
27.31
26.63
26.63
26.07
26.07
26.07
25.31
25.31
25.31
24.45
24.45
24.45
23.93
23.67
23.67
23.49
23.49
23.49
23.43
23.43
23.27
23.27
23.27
23.19
23.19
23.11
23.11
23.11
23.23
23.23
23.27
24.03
24.07
24.07
24.07
24.47
24.47
24.91
24.91
25.39
25.39
25.39
26.25
26.25
26.89
26.89
26.89
26.89
27.31
26.65
26.65
25.95
25.95
25.95
25.29
25.29
24.49
24.49
24.49
24.03
24.03
23.71
23.71
23.71
23.43
23.43
23.33
23.33
23.17
23.17
23.17
23.17
23.17
23.17
23.17
23.17
23.17
23.27
23.23
23.31
23.31
23.13
23.13
23.49
23.49
23.49
23.79
23.79
24.51
24.51
24.51
25.55
26.41
26.41
26.59
26.59
26.59
25.77
25.77
24.93
24.93
24.93
24.25
24.25
23.59
23.59
23.25
23.25
23.25
23.25
23.15
23.25
23.25
23.21
23.21
23.21
23.11
23.11
23.19
23.19
23.19
23.13
23.13
23.13
23.07
23.07
23.07
23.07
23.01
23.01
23.21
23.21
23.21
23.61
23.61
24.35
24.35
24.35
25.31
25.31
26.45
26.67
26.67
26.67
26.23
26.23
25.39
25.39
25.39
24.59
24.59
23.69
23.69
23.47
23.47
23.47
23.27
23.27
23.27
23.21
23.21
23.21
23.21
23.23
23.23
23.15
23.15
23.15
23.17
23.17
23.13
23.13
23.13
23.13
23.13
22.73
22.63
22.63
22.85
22.85
22.85
23.23
23.23
23.47
23.47
24.33
24.33
24.33
25.49
25.79
25.79
25.79
25.79
25.41
24.17
23.65
23.65
23.65
23.25
23.25
23.25
23.15
23.15
23.15
23.09
23.09
23.09
23.09
23.09
23.09
23.21
23.21
23.13
23.13
23.13
23.13
23.13
23.17
23.17
23.17
23.17
23.13
23.13
22.61
22.61
22.61
22.69
22.69
23.03
23.03
23.25
23.25
23.25
24.25
24.25
25.01
25.01
25.01
25.17
25.17
24.49
24.49
24.49
23.73
23.73
23.21
23.21
23.13
23.13
23.13
23.15
23.15
23.09
23.09
23.09
22.99
22.99
23.09
23.09
23.15
23.15
23.15
23.17
23.17
23.15
23.15
23.15
23.15
23.17
23.13
23.13
22.55
22.51
22.51
22.67
22.67
22.67
22.99
22.99
23.35
23.35
24.23
24.23
24.23
25.07
25.07
25.07
25.07
25.07
24.39
24.39
23.65
23.65
23.65
23.27
23.27
23.07
23.07
23.07
23.15
23.15
23.13
23.13
23.15
23.15
23.13
23.13
23.13
23.07
23.07
22.99
22.99
22.99
23.05
23.05
23.05
23.05
23.05
23.05
22.41
22.37
22.37
22.61
22.61
22.61
22.89
22.89
22.89
23.17
23.17
23.95
24.33
24.33
24.43
24.43
24.43
24.15
24.15
23.57
23.57
23.57
23.21
23.21
23.09
23.09
23.03
23.03
23.03
22.93
22.93
23.03
23.03
23.03
23.03
23.03
23.17
23.17
23.17
23.09
23.09
23.03
23.03
23.05
23.05
23.05
23.07
23.07
22.53
22.45
22.45
22.59
22.59
22.59
22.81
22.81
23.27
23.27
23.95
23.95
23.95
24.49
24.49
24.43
24.43
24.43
23.91
23.91
23.39
23.39
23.21
23.21
23.21
23.03
23.03
23.01
23.01
23.01
23.01
23.07
23.01
23.01
23.01
23.01
23.01
23.07
23.07
23.03
23.03
23.03
23.07
23.07
23.11
23.11
23.11
23.25
22.41
22.41
22.63
22.63
22.63
22.83
22.83
23.01
23.01
23.01
23.43
23.43
23.87
24.09
24.09
24.09
24.03
24.03
23.71
23.71
23.71
23.47
23.47
23.23
23.23
23.07
23.07
23.07
23.01
23.01
22.99
22.99
22.99
22.97
22.97
23.05
23.05
23.11
23.11
23.11
22.99
22.99
22.99
23.17
23.17
23.19
23.19
23.15
22.47
22.47
22.47
22.43
22.43
22.43
22.79
22.79
23.01
23.01
23.31
23.31
23.31
23.43
23.43
23.43
23.63
23.59
23.59
23.59
23.47
23.47
23.19
23.19
23.19
23.01
23.01
22.93
22.93
22.93
22.95
22.95
22.93
22.93
22.95
22.95
22.95
22.95
22.95
23.05
23.05
23.05
23.05
23.05
23.15
23.15
23.15
23.25
22.47
22.37
22.37
22.47
22.47
22.47
22.47
22.77
22.91
22.91
22.91
23.09
23.09
23.39
23.39
23.39
23.53
23.53
23.53
23.49
23.31
23.31
23.11
23.11
23.11
22.95
22.95
22.93
22.93
22.93
23.01
23.01
23.01
22.87
22.87
22.87
22.99
22.87
22.87
23.03
23.03
23.03
23.03
23.03
23.07
23.07
23.07
23.13
22.45
22.45
22.29
22.59
22.59
22.59
22.81
22.81
23.01
23.01
23.01
23.23
23.23
23.43
23.43
23.47
23.47
23.47
23.49
23.49
23.31
23.31
23.31
23.15
23.15
22.95
22.95
22.95
22.85
22.85
22.91
22.91
22.91
22.91
22.91
23.05
23.05
22.93
22.93
22.93
22.99
22.99
23.11
23.11
23.09
23.09
23.09
23.03
28
Thermal
r64
l48
