23.99
24.03
24.03
23.81
23.63
23.39
23.41
23.23
23.45
23.09
23.33
23.51
23.15
23.39
23.27
22.89
23.33
23.39
23.33
23.33
23.05
23.65
23.65
24.05
23.29
23.59
23.47
23.57
23.05
23.93
23.71
23.29
23.47
23.53
23.97
23.51
23.47
23.45
23.41
23.35
23.69
23.39
23.75
23.41
23.63
23.63
23.21
23.81
23.81
24.15
23.63
23.51
23.53
24.03
23.39
23.59
23.65
23.21
23.27
23.47
23.15
23.45
23.15
23.45
23.35
23.35
23.27
23.29
23.15
23.27
23.35
23.45
23.35
23.41
23.51
23.81
23.91
23.53
23.41
23.63
23.65
23.69
23.47
23.63
23.75
23.75
23.69
23.69
23.59
23.75
23.53
23.87
23.59
23.57
23.47
23.65
23.91
23.91
24.03
23.53
23.51
23.63
23.51
23.11
23.41
23.41
23.29
23.11
23.15
23.45
23.27
23.41
23.27
23.05
23.41
23.35
23.33
23.33
23.45
23.17
23.17
23.45
23.29
23.59
23.51
23.59
23.63
23.63
23.59
23.65
23.23
23.57
23.35
23.53
23.45
23.47
23.51
23.51
23.35
23.57
23.71
23.79
23.81
23.53
23.93
23.91
23.85
23.85
23.51
23.53
23.39
23.53
23.35
23.63
23.35
23.39
23.29
23.03
23.35
23.27
23.23
23.35
23.53
23.53
23.29
23.47
23.47
23.47
23.63
23.27
23.47
23.65
23.59
23.59
23.35
23.57
23.63
23.51
23.79
23.53
23.51
23.69
23.57
23.97
23.51
23.47
23.45
23.69
23.63
23.59
23.71
23.75
23.87
23.91
23.65
23.91
23.23
23.99
23.21
23.75
23.11
23.27
23.57
22.89
23.53
23.51
23.51
23.47
23.39
23.53
23.53
23.41
23.35
23.27
23.53
23.33
23.35
23.17
23.39
23.33
23.45
23.65
23.35
23.27
23.27
23.75
23.53
23.59
23.97
23.63
23.75
23.63
23.63
23.53
23.51
23.47
23.69
23.75
23.65
23.65
23.93
24.15
23.91
23.91
23.65
23.97
23.47
23.15
22.87
23.53
23.23
23.29
23.63
23.63
23.29
23.27
23.47
23.81
23.45
23.45
23.23
23.69
23.69
23.27
23.27
23.51
23.29
23.79
23.17
23.81
23.75
23.39
23.29
23.33
23.59
23.63
23.93
23.47
23.63
23.71
23.65
23.47
23.63
23.23
23.65
23.57
23.79
23.53
24.09
23.81
24.15
23.21
23.21
23.71
23.71
23.23
23.33
23.33
23.23
23.51
23.27
23.51
23.45
23.59
23.21
23.29
23.51
23.51
23.21
23.33
23.57
23.35
23.57
23.69
23.63
23.59
23.45
23.47
23.47
23.63
23.97
23.47
23.75
23.45
23.57
23.57
23.57
23.65
23.65
23.65
23.33
23.29
23.71
23.81
23.87
23.69
24.21
23.87
23.71
23.71
23.51
23.51
23.23
23.23
23.15
23.27
23.11
23.59
23.39
23.57
23.29
23.35
23.21
23.35
23.63
23.21
23.33
23.57
23.59
23.57
23.57
23.81
23.57
23.79
23.69
23.29
23.71
23.71
23.93
23.39
23.63
23.57
23.57
23.59
23.65
23.59
23.45
23.57
23.71
23.47
23.85
23.45
23.27
23.53
23.85
23.79
23.65
23.65
23.57
23.63
23.45
23.57
23.29
23.47
22.93
23.47
23.45
23.51
23.23
23.59
23.23
23.63
23.59
23.27
23.29
23.59
23.59
23.33
23.59
23.85
23.81
23.91
23.59
23.93
23.93
23.51
23.57
23.69
23.47
23.69
23.53
23.93
23.59
23.59
23.69
23.97
23.97
23.69
23.53
23.79
23.45
23.51
24.17
23.65
23.75
23.45
23.65
23.53
23.75
23.05
23.05
23.47
23.59
23.33
23.15
23.59
23.51
22.87
23.57
23.65
23.27
23.27
23.09
23.29
23.69
23.79
24.15
23.99
23.99
23.79
24.17
24.09
24.09
23.65
24.05
23.81
23.75
23.39
23.87
23.85
23.75
23.81
23.63
23.33
23.45
23.87
23.35
23.51
23.33
23.41
23.87
23.91
23.91
23.91
23.59
23.35
23.35
23.47
23.27
23.39
23.59
23.39
23.35
23.17
23.75
23.41
23.39
23.35
23.53
23.47
23.57
23.79
23.69
23.71
24.23
24.17
24.23
24.35
24.45
24.39
24.17
23.93
23.85
23.69
23.45
24.03
23.81
23.65
23.65
23.29
24.09
23.79
23.59
23.41
23.53
23.53
23.79
23.87
23.85
23.81
23.81
23.87
23.53
23.59
23.45
23.53
23.57
23.51
23.35
23.51
23.45
23.51
23.47
23.57
23.59
23.63
23.35
23.71
23.51
23.35
23.63
23.85
24.27
24.05
24.41
24.27
24.51
24.35
24.57
24.69
24.83
24.53
23.93
24.17
24.15
24.03
24.17
23.79
23.71
24.09
23.81
23.51
23.45
23.27
23.41
23.75
24.09
24.15
23.71
23.71
23.41
23.41
23.41
23.69
23.35
23.39
23.35
23.33
23.41
23.15
23.41
23.39
23.85
23.39
23.71
23.71
23.97
23.85
23.65
23.91
23.93
24.71
24.33
24.47
24.03
24.03
24.63
25.29
24.77
23.85
24.11
23.81
24.09
24.09
23.99
24.05
23.99
23.51
23.63
23.69
23.93
23.39
24.05
23.91
24.23
23.69
23.91
23.59
23.63
23.59
23.59
23.65
23.39
23.27
23.45
23.53
23.71
23.75
23.79
23.47
23.79
23.65
23.65
23.69
23.63
23.57
24.15
24.17
24.41
24.41
24.75
25.13
25.43
25.97
26.35
26.85
26.41
24.11
24.03
24.05
24.45
24.27
24.27
23.99
23.87
23.79
23.53
23.51
23.51
23.87
23.63
23.57
23.69
23.75
24.05
23.63
23.93
23.23
23.65
23.29
23.47
23.47
23.51
23.15
23.47
23.41
23.35
23.71
23.63
23.41
23.41
23.53
23.91
23.59
23.87
23.75
24.35
24.27
24.27
24.99
25.11
25.91
26.49
26.47
26.37
24.17
24.09
24.11
23.91
24.09
23.69
24.27
24.09
23.57
23.71
23.59
23.45
23.57
23.63
23.69
23.99
23.69
24.21
23.91
23.91
23.53
23.51
23.27
23.79
23.59
23.27
23.63
23.51
23.59
23.47
23.39
23.99
23.81
23.85
23.85
24.27
24.29
24.15
24.47
29.03
28.79
32.99
33.41
35.05
36.05
35.97
35.51
28.07
28.51
24.41
24.65
24.35
24.77
24.53
24.53
24.21
23.97
23.79
23.87
23.99
23.75
23.69
23.69
23.59
24.15
24.03
23.29
23.59
23.59
23.21
23.63
23.41
23.69
23.85
23.35
23.57
23.81
23.79
23.69
23.41
23.63
23.85
23.71
24.17
24.17
24.39
24.39
28.83
29.29
33.39
34.31
35.51
36.37
36.61
36.61
30.93
24.39
24.51
24.89
24.53
24.83
24.47
24.23
24.03
24.03
24.23
24.09
24.03
23.39
24.11
23.75
23.97
24.39
24.39
23.65
23.35
23.45
23.53
23.39
23.59
23.59
23.63
23.35
23.39
24.03
23.51
23.71
23.71
23.75
23.91
24.05
24.21
24.41
24.53
24.53
37.73
37.41
37.21
37.21
42.77
42.97
43.49
40.01
39.01
25.53
24.99
24.47
25.11
25.05
24.45
24.63
24.41
24.17
24.21
24.27
23.69
24.15
23.75
23.71
24.23
24.41
24.09
23.69
23.69
23.59
23.59
23.79
23.87
23.63
23.29
23.65
23.75
23.33
23.57
23.65
23.87
23.65
23.75
24.03
24.17
24.63
24.21
25.01
33.35
33.03
40.09
40.43
43.47
43.33
42.93
42.81
37.09
37.09
24.87
24.75
24.65
25.19
24.89
24.29
24.11
24.11
24.45
23.97
24.11
23.71
23.75
24.03
23.99
23.99
23.87
23.87
23.91
23.97
23.71
23.39
24.09
23.75
23.63
23.75
23.75
23.91
23.87
23.81
24.11
23.59
24.33
24.29
24.45
24.45
25.13
26.05
37.27
38.13
47.33
51.09
51.23
52.55
51.99
44.21
44.21
26.49
26.93
25.05
25.53
25.07
25.01
24.81
24.17
24.11
24.17
24.41
24.11
23.99
23.87
23.79
24.03
24.03
24.05
23.71
23.51
23.47
23.65
23.33
23.99
23.41
23.87
23.81
23.75
23.69
23.81
23.97
23.87
24.21
24.21
24.23
25.97
26.05
26.17
26.79
41.75
42.57
48.99
55.07
55.61
57.03
56.43
48.61
42.41
29.35
26.53
25.61
25.85
25.75
25.49
24.99
24.71
24.77
24.35
24.35
24.05
24.17
23.97
24.15
24.03
24.39
23.97
23.93
23.69
23.47
23.45
23.93
23.63
23.87
23.75
23.69
23.69
24.11
24.05
23.93
23.93
24.03
24.41
24.83
25.47
26.11
26.31
26.91
42.01
48.13
53.75
54.39
58.15
58.25
52.69
52.69
44.31
30.59
25.79
25.61
25.79
25.61
25.35
24.83
24.51
24.63
24.33
24.33
24.47
23.97
23.91
23.97
24.23
24.35
24.11
24.03
24.29
23.71
23.71
23.75
23.99
23.81
23.85
23.47
23.47
23.93
24.17
24.17
24.27
23.93
24.71
25.01
25.73
26.35
27.53
27.73
44.71
45.09
58.79
64.77
65.21
65.17
57.81
56.93
45.25
30.87
30.79
26.29
26.29
26.29
25.75
25.31
24.89
24.71
24.51
24.29
24.03
24.29
24.29
23.97
24.45
24.45
24.51
23.93
24.17
24.17
24.05
23.63
23.85
23.81
24.27
24.09
23.75
23.91
24.23
23.93
24.09
24.41
24.75
24.87
25.35
28.53
28.77
41.65
51.63
51.99
69.19
69.11
73.27
73.29
62.29
62.07
49.33
34.83
27.85
27.03
26.73
26.35
26.09
25.59
25.23
24.71
25.17
24.65
24.15
24.39
24.15
24.09
23.99
24.33
24.15
24.09
23.99
24.27
23.97
23.79
23.91
24.53
23.85
23.87
24.03
24.05
24.15
24.23
24.57
24.53
24.53
25.13
25.67
26.35
32.21
31.85
52.77
53.29
65.59
66.41
72.91
72.59
61.11
61.11
46.93
46.57
24.67
26.17
26.29
26.21
25.69
25.41
25.07
25.07
24.83
24.83
24.35
24.41
24.21
23.97
24.57
24.29
24.35
24.35
24.41
24.41
24.21
23.79
23.79
24.09
24.15
23.51
24.15
23.97
24.29
24.41
24.59
24.63
25.01
25.01
25.81
34.71
40.25
61.69
61.69
72.39
79.91
79.99
82.19
75.31
64.71
58.39
50.81
29.39
27.53
27.11
27.11
26.71
26.09
26.09
25.31
25.01
25.01
24.63
24.33
24.53
23.91
23.75
24.27
24.53
24.57
24.35
24.27
23.81
24.15
24.15
24.11
23.91
23.59
23.75
24.39
24.47
24.45
24.53
24.65
24.77
25.23
25.85
25.85
38.55
45.75
61.07
69.83
82.17
85.03
84.81
89.81
84.01
72.55
72.47
53.03
32.45
26.03
27.03
27.03
26.83
26.83
25.93
25.05
24.81
24.83
24.57
24.51
24.27
24.17
23.93
24.21
24.21
24.09
24.57
24.45
24.21
24.23
24.09
24.15
23.85
23.99
23.93
23.81
23.87
24.35
23.91
24.53
24.57
25.11
25.47
25.73
38.87
45.75
71.11
69.81
80.25
87.09
90.67
90.67
89.85
70.43
64.63
48.21
31.85
28.47
28.47
27.05
27.05
26.37
26.37
25.19
24.81
24.77
24.53
24.39
24.41
24.51
23.91
23.91
24.41
24.47
24.53
24.53
24.27
24.27
23.91
23.81
23.75
23.93
24.39
24.29
24.21
24.21
24.27
24.93
25.01
25.91
25.81
25.81
38.71
50.01
77.67
76.73
92.23
92.85
98.83
98.21
98.25
78.11
78.11
55.11
54.41
29.05
28.17
27.21
27.09
26.11
25.79
25.43
25.05
24.83
25.01
24.69
24.59
24.33
24.33
24.65
24.89
24.29
24.53
24.53
24.63
24.21
24.15
23.93
24.35
24.11
24.09
24.05
24.05
24.63
24.63
24.93
24.83
26.55
26.85
27.55
27.61
53.37
74.11
85.03
101.75
101.65
102.63
105.35
94.71
94.35
72.09
51.51
35.27
30.99
27.91
27.79
27.61
27.11
26.31
25.41
25.05
25.29
25.19
24.51
24.51
24.35
23.91
24.59
24.59
24.29
24.47
24.33
24.29
24.35
23.99
23.97
24.03
24.15
24.09
23.85
24.05
24.47
24.57
24.57
25.49
25.49
27.17
26.87
26.87
51.67
77.57
85.61
85.65
101.97
106.15
106.01
105.03
85.11
84.63
55.03
30.33
30.67
27.63
27.49
27.49
26.65
26.11
25.69
25.01
24.59
24.95
24.65
24.21
24.05
24.23
24.51
24.71
24.39
24.57
24.23
24.27
24.17
24.05
24.23
23.81
24.15
24.09
24.09
24.33
24.29
24.23
25.13
24.95
26.99
27.69
28.17
29.05
56.09
81.83
90.75
106.95
114.97
115.21
113.95
113.69
92.27
91.93
63.37
37.99
34.03
29.35
29.59
28.59
28.59
26.37
25.93
25.35
25.73
25.41
25.41
24.83
24.45
24.47
24.51
24.41
24.83
24.47
24.53
24.53
24.15
24.03
23.79
24.35
24.11
23.99
24.11
24.57
24.17
24.29
24.83
25.75
26.29
27.31
29.31
44.53
62.47
91.81
91.89
111.07
111.27
120.87
120.39
120.41
99.87
81.65
57.77
38.55
38.81
29.45
29.15
28.83
26.61
26.35
26.15
25.35
25.01
25.13
24.87
24.59
24.23
24.47
24.59
24.65
24.87
24.39
24.45
24.53
24.09
23.79
24.03
24.29
23.87
24.23
24.05
24.45
24.45
24.57
25.13
25.13
27.49
27.87
30.99
45.95
46.37
84.75
109.23
117.21
124.75
125.71
126.67
111.79
112.41
81.83
81.93
32.49
31.05
28.85
28.85
28.01
26.41
26.41
25.73
25.81
25.81
25.29
25.11
24.75
24.59
24.41
24.51
24.89
24.93
24.93
24.35
24.33
24.35
24.33
24.17
24.11
24.11
24.39
24.45
24.15
24.39
24.45
25.31
25.35
25.35
29.17
29.93
30.51
64.79
94.33
102.19
118.59
125.89
125.89
127.75
120.09
119.75
82.31
65.75
42.49
30.87
30.53
29.93
27.17
27.21
26.71
26.09
25.59
25.69
25.69
25.35
24.75
24.59
24.35
24.89
24.69
25.05
24.21
24.63
24.27
24.05
23.93
24.29
24.03
24.03
23.99
24.51
24.29
24.65
24.45
25.05
25.79
28.27
28.33
29.23
49.11
49.51
97.51
113.21
125.03
132.39
132.43
132.33
115.35
115.77
90.11
65.95
37.41
36.65
30.31
29.93
29.43
26.85
26.55
26.43
25.43
25.37
25.35
24.93
24.83
24.59
24.03
24.83
24.33
24.99
24.57
24.57
24.45
24.23
24.05
23.75
24.21
24.15
24.23
23.99
24.51
24.45
24.87
25.31
26.09
26.87
29.85
29.93
45.29
77.87
104.89
104.63
126.21
133.69
134.01
133.99
116.69
117.33
85.25
55.89
35.39
32.09
32.21
29.49
29.11
27.61
26.09
26.41
25.79
25.61
25.19
25.07
24.75
24.45
24.59
24.59
24.83
24.89
24.87
24.39
24.15
23.99
24.03
24.09
23.71
24.17
23.91
24.17
24.23
24.59
24.81
25.25
26.29
27.21
27.21
32.39
44.13
76.89
100.57
118.71
118.37
135.79
135.83
136.31
109.25
107.55
107.69
58.03
35.53
34.89
30.03
29.83
29.19
26.61
26.83
25.67
25.61
25.69
25.07
24.93
24.65
24.71
24.09
25.05
24.83
24.87
24.45
24.35
24.35
24.21
23.97
23.91
23.79
24.17
24.45
24.27
24.33
24.63
24.63
25.35
25.59
27.29
33.83
35.81
36.23
71.85
101.13
118.43
131.41
135.27
135.33
132.77
132.87
106.57
83.57
64.81
39.41
30.57
30.67
30.15
29.75
26.87
26.71
26.15
25.81
25.81
25.35
24.99
25.11
24.77
24.15
24.95
24.95
24.83
24.69
24.69
24.21
24.29
24.23
24.21
23.87
24.27
24.09
24.33
24.33
24.45
24.99
25.41
26.41
27.23
28.17
32.19
32.55
70.01
100.71
119.51
132.71
132.83
136.33
136.43
116.71
116.21
85.81
58.01
35.75
31.77
31.05
29.35
28.95
26.31
26.59
26.21
25.73
25.07
25.07
24.99
24.59
24.27
24.39
24.89
24.89
24.95
24.63
24.63
24.47
24.21
24.11
23.81
24.29
24.11
24.03
24.35
24.27
24.51
24.57
25.49
25.67
25.67
29.93
32.27
32.27
77.85
109.11
123.73
124.07
138.61
138.73
133.89
118.91
119.09
83.83
55.89
37.19
32.39
30.05
29.45
29.89
26.71
26.49
25.87
26.21
25.55
25.67
25.07
24.77
24.89
24.23
24.63
24.81
24.89
24.87
24.39
24.39
24.29
23.93
23.85
23.81
23.81
24.09
24.27
24.23
24.75
24.95
25.49
25.35
28.47
28.95
29.65
60.09
73.29
96.95
118.97
118.59
130.99
130.91
130.91
108.63
108.91
80.17
79.77
29.83
29.69
29.19
28.31
27.73
26.85
26.09
26.09
25.79
25.53
25.53
24.93
24.87
24.45
24.11
24.87
24.51
24.53
24.27
24.59
23.97
23.97
24.35
24.05
23.97
24.11
23.71
23.99
24.47
24.51
24.51
26.31
26.59
27.03
32.13
32.97
32.91
70.01
100.13
119.39
119.07
132.51
132.57
121.99
121.99
99.69
98.77
55.49
35.51
31.89
28.65
29.05
26.59
26.67
26.11
26.09
25.81
25.23
25.35
24.81
24.71
24.33
24.33
24.45
25.19
25.19
24.59
24.15
24.45
24.35
24.21
23.81
23.85
24.23
24.11
24.17
24.15
24.41
24.27
25.93
26.11
26.11
29.31
29.85
57.43
74.77
97.07
105.41
118.83
119.07
124.87
117.85
108.91
108.11
71.19
63.65
34.85
29.03
28.91
28.33
27.99
27.09
26.35
25.81
25.53
24.83
25.11
24.71
24.87
24.39
24.39
24.81
24.53
24.75
24.71
24.41
24.29
24.15
23.65
24.33
23.75
23.81
24.03
23.99
24.29
24.33
24.69
25.47
25.75
28.07
28.75
32.59
32.91
62.83
87.97
100.61
107.73
108.73
108.73
101.93
89.49
88.61
65.03
51.61
29.93
30.17
27.25
27.03
27.25
27.25
25.37
25.17
25.31
25.37
25.07
24.95
24.81
24.27
23.97
24.53
25.07
24.69
24.69
24.41
24.33
23.81
23.93
24.21
24.03
23.91
24.23
24.03
24.09
24.71
24.63
25.05
25.05
27.99
28.51
28.85
41.55
61.45
85.47
99.89
100.21
108.87
108.91
100.41
88.61
88.41
63.81
46.81
29.91
29.55
26.93
27.49
27.37
27.37
25.53
25.53
25.17
25.23
24.81
24.71
24.77
24.27
24.21
24.71
24.95
24.29
24.29
24.53
24.03
23.91
23.71
23.85
24.09
23.81
24.11
24.45
24.35
24.59
24.83
24.95
25.79
27.03
27.29
29.43
38.97
53.87
72.69
86.69
87.05
94.59
94.41
87.55
76.75
75.91
50.39
50.93
29.63
29.79
26.87
26.87
26.49
25.85
25.75
25.61
25.55
25.55
24.71
24.51
24.57
24.51
24.27
24.63
24.59
24.81
24.35
24.21
24.41
24.17
23.91
24.15
24.09
23.99
24.33
24.27
23.71
24.39
24.57
25.11
26.17
26.31
26.99
30.73
30.99
58.15
78.85
88.65
95.29
95.11
95.15
85.43
84.47
68.19
55.25
46.53
30.87
29.93
26.65
26.65
26.77
25.91
25.49
25.37
25.25
24.81
24.93
24.29
24.57
24.45
24.05
24.53
24.57
24.83
24.83
24.35
23.99
24.05
23.29
23.87
23.35
23.69
23.97
23.93
24.17
24.35
24.03
24.57
25.19
26.83
26.85
28.85
29.15
45.27
64.85
64.51
71.63
71.97
71.59
63.85
63.85
51.19
45.73
38.21
27.99
27.59
26.91
25.31
25.31
25.01
25.35
24.81
25.11
24.81
24.83
24.53
24.83
24.33
23.99
24.59
24.99
24.45
24.45
23.93
23.99
23.75
23.71
23.65
23.59
23.97
24.15
24.23
24.17
24.41
24.33
25.05
24.71
26.83
27.31
27.75
34.29
48.75
63.95
64.93
64.93
72.35
72.39
67.09
58.03
58.25
44.83
39.93
27.95
27.43
26.65
25.73
25.63
25.13
25.37
24.81
25.47
25.05
24.69
24.27
24.09
24.27
24.65
24.33
24.47
24.33
24.23
23.99
24.05
24.05
23.69
24.09
23.91
23.91
23.91
23.99
24.53
24.59
24.59
24.69
24.95
24.95
28.59
28.89
29.83
41.83
52.51
56.53
59.35
59.53
58.75
53.05
52.51
42.59
42.35
36.23
26.83
26.59
25.73
25.23
25.37
24.87
25.43
24.93
24.93
24.87
24.27
24.23
24.51
23.97
23.85
24.53
24.39
24.23
24.23
23.81
24.05
24.17
23.51
23.29
23.75
23.81
24.17
23.93
23.93
24.15
24.11
24.23
25.05
25.99
26.15
29.43
29.99
40.55
40.55
52.19
53.15
53.91
53.57
50.55
50.63
41.35
40.91
33.63
28.33
25.69
25.85
25.17
25.17
24.81
24.77
24.99
24.75
24.51
24.39
24.29
24.29
23.81
23.79
24.11
24.29
24.03
24.17
24.17
23.65
23.85
23.65
23.99
23.97
23.97
23.53
23.69
23.81
24.41
24.15
24.33
24.83
25.31
27.85
27.95
34.31
41.19
48.01
52.61
52.61
54.05
54.07
50.25
49.05
40.61
39.77
33.17
27.03
26.79
26.79
25.19
25.41
24.77
25.07
24.77
24.51
24.83
24.39
24.33
23.99
24.09
24.03
24.21
23.63
24.17
24.09
24.09
23.75
23.75
23.93
23.39
23.53
23.71
23.41
23.57
23.47
24.05
24.23
24.45
24.65
25.29
25.29
29.45
29.45
37.93
44.75
45.41
47.93
48.07
47.85
45.71
45.45
37.41
37.27
31.57
31.55
25.31
24.93
24.95
24.51
24.87
24.87
25.01
24.29
24.47
24.45
24.09
24.05
24.15
24.15
23.59
23.53
23.75
23.65
23.91
23.65
23.51
23.57
23.11
23.23
23.39
23.41
23.93
23.27
23.87
23.87
24.35
24.51
25.29
27.87
28.19
34.71
34.71
35.15
42.89
42.81
43.73
44.23
43.47
40.19
35.77
35.35
30.09
30.19
26.37
25.91
25.91
24.65
24.71
24.39
24.53
24.45
24.23
24.11
24.23
24.23
24.23
24.11
23.69
23.81
23.35
23.47
23.47
23.63
23.47
23.33
23.59
23.35
22.99
23.87
23.41
23.69
23.99
24.33
24.39
24.63
24.93
24.93
30.39
30.15
35.69
36.17
42.81
42.59
44.33
44.25
44.25
39.57
39.09
33.99
32.13
32.11
26.43
25.91
24.57
24.81
24.35
24.63
24.93
24.35
24.23
24.27
23.87
23.99
23.85
23.81
23.51
23.23
23.35
23.21
23.59
23.03
23.17
23.17
23.29
23.39
22.89
22.93
23.33
23.71
23.47
23.81
24.53
24.57
24.23
27.43
27.59
28.97
33.71
33.71
37.53
39.85
40.09
40.27
39.65
35.21
35.21
34.51
30.19
29.59
25.41
25.43
25.05
24.15
24.51
24.41
24.27
24.23
24.33
24.03
24.23
23.91
24.09
23.59
23.23
23.23
22.71
22.57
23.27
23.27
22.95
23.21
22.95
22.89
23.03
23.15
23.29
23.45
23.85
23.33
23.97
23.81
24.41
25.41
28.27
28.89
32.03
32.81
33.73
37.33
37.55
37.91
37.61
34.77
34.37
30.85
30.81
26.59
25.91
25.67
25.67
24.29
24.41
24.17
23.99
24.69
24.35
24.09
24.15
23.93
23.69
23.97
22.87
22.89
22.69
23.09
23.09
23.39
22.99
23.11
22.99
23.15
23.15
23.27
23.27
23.35
23.41
23.65
23.99
24.17
24.17
24.81
27.11
30.67
31.35
34.07
35.63
37.35
37.51
37.91
37.53
36.57
32.05
32.05
31.27
25.63
25.05
24.65
24.21
24.41
24.41
24.23
24.17
24.05
24.21
24.33
28.69
23.75
23.87
23.97
23.97
22.81
22.47
23.05
22.59
22.89
22.75
23.05
22.87
22.69
22.75
22.71
22.57
22.89
23.21
23.21
23.97
23.47
24.21
24.29
25.07
28.47
28.47
29.17
32.09
31.83
32.45
32.45
32.97
30.93
30.97
27.41
26.97
26.17
24.23
24.39
24.29
24.15
24.15
23.69
23.71
23.71
24.03
23.63
24.03
23.85
23.81
23.87
22.29
22.23
22.37
22.57
22.59
22.71
22.71
22.69
22.53
22.41
22.41
22.43
22.77
22.43
22.65
23.11
22.95
23.59
23.59
24.45
25.13
25.91
27.99
28.13
29.03
29.99
30.37
30.73
30.51
30.17
26.99
26.37
25.67
25.11
25.11
23.41
23.79
24.03
23.91
23.47
23.53
23.53
23.65
23.93
23.99
24.09
23.69
23.69
22.41
22.47
22.69
22.57
22.37
22.37
22.31
22.57
22.93
22.69
22.71
22.65
22.93
22.75
22.81
23.05
23.17
23.33
23.29
23.87
24.69
26.83
27.25
27.93
29.23
30.91
30.65
30.59
29.75
29.37
27.09
26.85
26.15
25.63
24.09
24.03
23.47
23.65
23.71
23.97
23.99
23.63
24.11
24.17
23.99
24.05
24.05
23.97
22.77
22.63
22.31
22.19
22.53
22.35
22.47
22.41
22.41
21.97
22.47
22.23
22.23
22.75
23.05
22.75
23.17
23.23
23.23
23.35
24.57
25.13
25.99
26.83
28.33
28.25
28.85
28.91
28.51
28.01
25.93
26.43
25.55
24.69
23.93
23.29
23.23
23.59
23.59
23.93
23.63
23.71
23.87
23.75
24.11
23.91
23.71
23.85
22.57
22.41
22.41
22.47
22.47
22.37
22.01
22.01
22.57
22.37
22.35
22.63
22.77
22.75
22.31
22.93
23.15
23.03
23.23
23.59
24.09
25.13
25.97
26.67
28.47
28.27
28.75
28.95
28.53
27.87
27.15
26.27
25.31
24.57
23.93
24.05
23.51
23.97
23.79
23.59
24.03
23.57
24.11
23.79
23.75
23.81
23.99
23.69
28
Thermal
r64
l48
