28.77
24.25
23.77
23.77
23.77
23.77
23.59
23.59
23.53
23.47
23.47
23.47
23.51
23.51
23.57
23.57
23.57
23.55
23.55
23.53
23.53
23.41
23.41
23.41
23.21
23.21
23.17
23.17
23.17
23.23
23.23
23.23
23.23
23.23
23.23
23.23
23.31
23.31
23.35
23.35
23.35
23.29
23.29
23.37
23.37
23.37
23.41
23.41
23.49
23.71
23.71
23.63
23.63
23.63
23.55
23.55
23.51
23.51
23.51
23.47
23.47
23.51
23.51
23.67
23.67
23.67
23.51
23.51
23.47
23.47
23.33
23.33
23.33
23.25
23.25
23.23
23.23
23.23
23.23
23.29
23.23
23.23
23.23
23.21
23.21
23.29
23.29
23.31
23.31
23.31
23.31
23.31
23.37
23.37
23.37
23.45
23.51
23.63
23.63
23.63
23.63
23.63
23.53
23.53
23.57
23.57
23.57
23.47
23.47
23.47
23.55
23.55
23.55
23.53
23.57
23.57
23.49
23.49
23.49
23.31
23.31
23.17
23.17
23.17
23.15
23.15
23.19
23.19
23.29
23.29
23.29
23.31
23.31
23.37
23.37
23.37
23.31
23.31
23.31
23.31
23.31
23.29
23.29
23.39
23.51
23.57
23.57
23.57
23.59
23.59
23.57
23.57
23.57
23.53
23.53
23.49
23.49
23.53
23.53
23.53
23.63
23.63
23.59
23.59
23.59
23.49
23.49
23.27
23.27
23.19
23.19
23.19
23.17
23.17
23.23
23.23
23.23
23.29
23.29
23.37
23.37
23.37
23.29
23.29
23.31
23.31
23.39
23.39
23.39
23.43
23.43
23.43
23.37
23.37
23.43
23.43
23.57
23.57
23.47
23.47
23.47
23.45
23.45
23.45
23.39
23.39
23.45
23.45
23.45
23.45
23.45
23.35
23.35
23.35
23.41
23.33
23.33
23.33
23.31
23.31
23.27
23.27
23.27
23.25
23.25
23.23
23.23
23.31
23.31
23.31
23.31
23.31
23.31
23.31
23.31
23.37
23.37
23.47
23.47
23.47
23.47
23.47
23.45
23.43
23.43
23.43
23.47
23.47
23.47
23.47
23.37
23.37
23.37
23.41
23.41
23.41
23.41
23.41
23.33
23.33
23.33
23.35
23.29
23.29
23.29
23.23
23.23
23.23
23.23
23.23
23.21
23.21
23.25
23.25
23.25
23.23
23.23
23.35
23.35
23.37
23.37
23.37
23.39
23.39
23.51
23.51
23.51
23.39
23.27
23.29
23.29
23.39
23.39
23.39
23.41
23.41
23.45
23.45
23.45
23.25
23.25
23.25
23.11
23.11
22.95
22.95
22.95
22.95
22.95
23.23
23.23
23.27
23.27
23.21
23.21
23.21
23.35
23.35
23.35
23.21
23.33
23.33
23.33
23.35
23.35
23.47
23.47
23.47
23.39
23.39
23.39
23.39
23.39
23.53
23.53
23.53
23.27
23.25
23.25
23.25
23.33
23.33
23.41
23.41
23.41
23.41
23.39
23.25
23.25
23.25
23.01
23.01
22.89
22.89
23.03
23.03
23.03
23.23
23.23
23.27
23.27
23.27
23.27
23.31
23.19
23.19
23.27
23.27
23.27
23.29
23.29
23.29
23.31
23.31
23.47
23.47
23.37
23.37
23.41
23.41
23.41
23.39
23.39
23.51
23.17
23.17
23.17
23.25
23.25
23.25
23.35
23.35
23.37
23.37
23.21
23.21
23.21
22.93
22.93
22.65
22.65
22.65
22.77
22.77
23.03
23.03
23.23
23.23
23.23
23.31
23.31
23.19
23.19
23.19
23.33
23.33
23.35
23.35
23.31
23.31
23.31
23.31
23.31
23.43
23.43
23.43
23.43
23.43
23.43
23.49
23.49
23.51
23.09
23.11
23.11
23.11
23.15
23.15
23.25
23.25
23.35
23.35
23.35
23.13
23.13
22.63
22.63
22.31
22.31
22.31
22.53
22.53
22.53
22.93
22.93
23.23
23.23
23.27
23.27
23.27
23.27
23.29
23.31
23.31
23.31
23.31
23.31
23.39
23.39
23.39
23.39
23.39
23.39
23.43
23.47
23.47
23.47
23.43
23.43
23.45
23.15
23.15
23.15
23.15
23.15
23.13
23.29
23.29
23.37
23.37
23.37
23.13
23.13
22.61
22.61
22.61
22.35
22.35
22.53
22.53
22.53
23.07
23.07
23.11
23.11
23.23
23.23
23.23
23.23
23.23
23.33
23.33
23.33
23.41
23.41
23.39
23.39
23.41
23.41
23.41
23.51
23.51
23.47
23.47
23.47
23.47
23.47
23.47
23.05
23.05
23.05
23.13
23.13
23.25
23.25
23.25
23.33
23.33
23.11
23.11
23.11
22.59
22.59
22.59
22.29
22.23
22.23
22.23
22.91
22.91
22.91
23.17
23.17
23.21
23.21
23.33
23.33
23.33
23.33
23.33
23.45
23.45
23.35
23.35
23.35
23.43
23.43
23.43
23.43
23.43
23.43
23.49
23.41
23.41
23.41
23.37
23.15
23.21
23.21
23.11
23.11
23.11
23.27
23.27
23.47
23.47
23.39
23.39
23.39
22.81
22.81
22.81
22.43
22.43
22.67
22.67
22.93
22.93
22.93
23.15
23.15
23.29
23.29
23.35
23.35
23.35
23.29
23.29
23.35
23.35
23.35
23.35
23.35
23.35
23.41
23.51
23.51
23.51
23.51
23.51
23.53
23.53
23.53
23.49
22.95
23.01
23.01
23.01
23.23
23.23
23.27
23.27
23.35
23.35
23.35
23.29
23.29
22.75
22.75
22.75
22.75
22.47
22.77
22.77
22.77
22.89
22.89
23.11
23.11
23.11
23.31
23.31
23.31
23.31
23.41
23.41
23.41
23.41
23.41
23.43
23.43
23.43
23.43
23.43
23.55
23.55
23.45
23.45
23.45
23.43
23.43
23.45
23.09
23.11
23.11
23.11
23.11
23.11
23.39
23.39
23.39
23.43
23.43
23.03
23.03
23.03
23.03
22.71
22.51
22.51
22.77
22.77
22.77
23.01
23.01
23.21
23.21
23.21
23.21
23.33
23.33
23.33
23.41
23.41
23.41
23.41
23.41
23.51
23.51
23.51
23.47
23.47
23.47
23.55
23.55
23.47
23.47
23.45
23.45
23.57
23.07
23.07
23.19
23.19
23.25
23.25
23.25
23.41
23.41
23.41
23.33
23.07
23.07
23.07
22.61
22.61
22.55
22.55
22.55
22.71
22.71
22.71
23.05
23.05
23.17
23.17
23.29
23.29
23.29
23.39
23.39
23.41
23.41
23.33
23.33
23.33
23.35
23.35
23.45
23.45
23.55
23.55
23.55
23.53
23.53
23.53
23.57
23.57
23.27
23.07
23.07
23.07
23.27
23.27
23.27
23.41
23.45
23.45
23.45
22.87
22.87
22.25
22.25
22.09
22.09
22.09
22.55
22.55
22.95
22.95
23.21
23.21
23.21
23.39
23.39
23.41
23.41
23.41
23.41
23.41
23.45
23.45
23.45
23.47
23.47
23.47
23.49
23.49
23.53
23.53
23.51
23.51
23.43
23.43
23.43
23.51
23.21
23.17
23.17
23.33
23.33
23.33
23.45
23.45
23.35
23.35
23.35
22.75
22.75
22.25
22.25
22.25
22.05
22.05
22.55
22.55
23.07
23.07
23.07
23.31
23.31
23.35
23.35
23.35
23.33
23.33
23.43
23.43
23.43
23.37
23.37
23.49
23.49
23.45
23.45
23.45
23.55
23.55
23.51
23.51
23.51
23.47
23.47
23.53
23.29
23.31
23.31
23.31
23.39
23.39
23.65
23.65
23.65
23.31
23.31
22.43
22.43
22.43
21.55
21.55
21.49
21.49
21.49
22.43
22.43
23.11
23.11
23.35
23.35
23.35
23.35
23.43
23.43
23.47
23.49
23.49
23.49
23.43
23.43
23.49
23.49
23.49
23.53
23.53
23.51
23.51
23.53
23.53
23.53
23.53
23.53
23.57
23.05
23.05
23.05
23.27
23.27
23.45
23.61
23.61
23.61
23.23
23.23
23.23
22.15
21.59
21.59
21.35
21.35
21.35
22.01
22.01
23.03
23.25
23.25
23.25
23.45
23.45
23.49
23.49
23.49
23.53
23.53
23.49
23.49
23.47
23.47
23.47
23.53
23.53
23.49
23.49
23.49
23.57
23.57
23.57
23.57
23.57
23.61
23.61
23.41
23.31
23.31
23.41
23.41
23.41
23.71
23.71
23.59
23.59
23.59
22.67
22.67
21.55
21.13
21.13
21.13
21.13
21.49
22.39
22.39
23.07
23.07
23.07
23.35
23.35
23.57
23.57
23.57
23.57
23.57
23.57
23.47
23.47
23.55
23.55
23.57
23.57
23.53
23.53
23.53
23.57
23.57
23.51
23.51
23.51
23.51
23.57
23.45
23.37
23.37
23.51
23.51
23.51
23.73
23.73
23.73
23.73
23.73
22.93
22.93
21.77
21.29
21.29
21.29
21.49
21.49
22.37
22.37
23.13
23.13
23.13
23.51
23.51
23.57
23.57
23.57
23.67
23.67
23.61
23.61
23.61
23.57
23.57
23.57
23.59
23.49
23.49
23.49
23.63
23.63
23.53
23.53
23.53
23.53
23.53
23.49
23.45
23.45
23.51
23.51
23.51
23.71
23.71
23.79
23.79
22.95
22.95
22.95
21.71
21.71
21.27
21.27
21.27
21.77
22.41
22.41
22.41
23.17
23.17
23.51
23.51
23.71
23.71
23.71
23.63
23.63
23.63
23.65
23.65
23.55
23.55
23.49
23.49
23.53
23.53
23.53
23.51
23.51
23.55
23.55
23.55
23.63
23.63
23.63
23.75
23.75
23.89
23.89
23.95
23.95
24.15
24.15
24.07
24.07
24.07
23.27
23.27
22.47
22.47
22.47
22.53
22.53
23.27
23.27
23.95
23.95
23.95
24.41
24.41
24.39
24.39
24.39
24.31
24.31
24.17
24.17
23.97
23.97
23.97
23.73
23.73
23.69
23.69
23.69
23.69
23.69
23.63
23.63
23.63
23.59
23.59
23.77
23.75
23.75
23.95
23.95
24.05
24.05
24.17
24.17
24.17
23.93
23.93
23.25
23.25
22.57
22.57
22.57
22.67
22.67
22.67
23.27
23.97
23.97
23.97
24.41
24.41
24.49
24.49
24.49
24.45
24.45
24.21
24.21
23.93
23.93
23.93
23.69
23.69
23.67
23.67
23.67
23.71
23.71
23.69
23.69
23.69
23.61
23.61
24.59
24.79
24.79
24.79
25.05
25.05
25.23
25.23
25.15
25.15
25.15
24.75
24.75
24.49
24.49
24.49
24.55
24.55
25.01
25.01
25.01
25.61
25.61
25.93
25.93
25.97
25.97
25.97
25.75
25.75
25.75
25.49
25.49
24.79
24.79
24.05
24.05
23.83
23.83
23.83
23.75
23.75
23.75
23.63
23.63
23.63
23.67
23.67
24.95
24.95
24.95
25.01
25.01
25.11
25.11
25.11
25.15
25.15
24.83
24.83
24.53
24.53
24.53
24.39
24.39
24.69
24.69
24.69
24.69
25.17
25.77
25.77
26.13
26.13
26.13
26.03
26.03
25.71
25.71
25.71
25.71
25.07
24.47
24.47
23.95
23.95
23.95
23.83
23.83
23.75
23.75
23.75
23.67
23.67
23.67
23.67
26.01
26.01
26.57
26.57
26.89
26.89
26.89
26.77
26.77
26.67
26.67
26.67
26.67
26.67
26.83
26.83
27.27
27.27
27.27
27.61
27.61
27.81
27.81
27.95
27.95
27.95
27.85
27.85
27.57
27.57
27.57
26.89
26.89
26.89
24.85
24.85
24.85
24.27
24.27
23.95
23.95
23.95
23.79
23.79
23.77
23.77
23.77
23.67
26.13
26.69
26.69
26.89
26.89
26.89
26.91
26.91
26.91
26.71
26.71
26.65
26.65
26.77
26.77
26.99
26.99
26.99
27.47
27.47
27.77
27.77
27.77
27.91
27.91
27.83
27.83
27.71
27.71
27.71
27.19
27.19
26.41
26.41
26.41
25.29
24.45
24.45
23.99
23.99
23.99
23.77
23.77
23.83
23.83
23.83
23.65
23.65
26.71
27.39
27.39
27.61
27.61
27.61
27.53
27.53
27.43
27.43
27.39
27.39
27.39
27.47
27.47
27.83
27.83
27.83
27.83
28.19
28.19
28.41
28.45
28.45
28.45
28.39
28.39
28.27
28.27
28.27
28.03
28.03
26.95
26.09
26.09
26.09
24.95
24.41
24.41
24.41
24.07
24.07
24.07
24.07
23.93
23.93
23.93
23.81
27.17
27.59
27.59
27.59
27.77
27.77
27.77
27.57
27.35
27.35
27.35
27.47
27.47
27.65
27.65
27.65
27.95
27.95
28.29
28.29
28.47
28.47
28.47
28.41
28.41
28.39
28.39
28.39
28.39
28.39
27.83
27.83
27.83
26.71
25.83
25.83
24.75
24.75
24.21
24.21
24.09
24.09
23.99
23.99
23.99
24.19
24.19
23.97
28.43
28.43
28.51
28.51
28.51
28.51
28.35
28.35
28.35
28.25
28.25
28.43
28.43
28.43
28.43
28.77
29.25
29.25
29.27
29.27
29.27
29.31
29.31
29.31
29.19
29.19
29.19
29.15
29.15
29.15
28.85
28.85
28.85
27.77
26.97
26.97
26.97
26.11
26.11
25.51
25.51
25.51
25.21
25.21
24.73
24.73
24.21
24.21
27.83
28.57
28.57
28.57
28.73
28.73
28.67
28.67
28.51
28.51
28.59
28.59
28.59
28.93
28.93
29.45
29.45
29.45
29.59
29.59
29.41
29.41
29.29
29.29
29.29
29.27
29.27
29.35
29.35
29.35
29.33
29.33
28.79
28.79
27.83
27.83
27.83
27.05
27.05
26.61
26.61
26.61
26.01
26.01
26.01
25.35
25.35
24.69
27.97
28.59
28.59
28.83
28.83
28.83
28.63
28.63
28.53
28.53
28.65
28.65
28.65
29.13
29.13
29.47
29.47
29.47
29.53
29.53
29.31
29.31
29.15
29.15
29.15
29.03
29.03
29.27
29.27
29.27
29.43
29.43
29.13
29.13
28.53
28.53
28.27
28.27
27.79
27.79
27.79
27.23
27.23
27.23
26.29
25.31
25.31
25.31
27.55
27.55
28.25
28.37
28.37
28.31
28.31
28.31
28.35
28.35
28.75
28.75
28.75
29.17
29.17
29.17
29.47
29.47
29.55
29.55
29.43
29.43
29.13
29.13
29.13
29.07
29.07
29.27
29.27
29.27
29.45
29.45
29.29
29.29
28.59
28.59
28.59
28.15
28.15
28.15
27.55
27.55
26.99
26.99
25.87
25.19
25.19
25.19
26.87
27.25
27.25
27.25
27.33
27.33
27.49
27.49
27.75
27.75
27.75
28.45
28.45
29.09
29.09
29.09
29.39
29.39
29.19
29.19
29.01
29.01
29.01
28.95
28.95
29.01
29.01
29.01
29.01
29.25
29.25
29.59
29.65
29.65
29.65
29.63
29.63
29.47
29.47
29.47
29.25
29.25
28.45
28.45
26.93
26.93
25.79
24.81
26.93
26.93
26.93
26.77
26.65
26.65
26.85
26.85
26.85
27.51
27.51
28.43
28.43
28.43
29.09
29.09
29.11
29.11
28.91
28.91
28.91
28.73
28.73
28.73
28.83
28.83
29.07
29.07
29.39
29.39
29.81
29.81
29.81
30.01
30.01
30.01
30.17
30.17
30.13
30.13
29.89
29.89
28.85
28.85
27.71
27.71
26.59
26.59
26.59
26.73
26.73
26.73
26.73
26.73
26.89
26.89
27.37
27.37
27.37
28.09
28.09
29.07
29.07
29.07
29.27
29.27
29.07
29.07
28.93
28.93
28.93
28.79
28.79
28.97
28.97
28.97
29.25
29.25
29.71
29.71
29.99
29.99
29.99
30.15
30.15
30.15
30.15
30.15
30.15
29.93
29.93
28.93
27.37
27.37
26.07
25.01
25.21
25.21
25.27
25.27
25.43
25.43
25.43
26.01
26.01
26.69
26.69
28.07
28.07
28.79
28.79
28.97
28.97
28.83
28.77
28.77
28.77
28.67
28.67
28.69
28.69
29.05
29.05
29.05
29.39
29.39
29.39
29.71
29.71
30.09
30.09
30.39
30.39
30.39
30.39
30.39
30.33
30.33
29.53
29.53
29.53
27.63
26.25
25.11
25.13
24.81
24.81
24.89
24.89
24.89
25.33
25.33
26.01
26.01
27.15
27.15
28.09
28.09
28.09
28.83
28.83
28.95
28.97
28.97
28.77
28.77
28.77
28.83
28.83
29.13
29.13
29.13
29.39
29.39
29.71
29.71
29.71
29.91
29.91
30.03
30.03
30.03
29.95
29.95
29.85
29.85
29.19
29.19
27.51
27.51
26.13
25.21
25.37
25.37
24.81
24.81
24.97
24.97
25.49
25.49
25.49
26.39
26.39
26.39
27.77
28.71
28.71
29.03
29.03
28.97
28.97
28.97
28.65
28.65
28.77
28.77
28.77
28.99
28.99
29.31
29.31
29.69
29.69
29.69
29.95
29.95
30.05
30.05
30.05
29.89
29.89
29.83
29.83
29.83
29.29
29.29
27.71
27.71
26.55
25.21
24.23
24.11
24.11
24.43
24.43
24.43
24.85
24.85
25.77
25.77
27.09
27.09
28.19
28.83
28.83
28.83
29.11
29.11
29.11
28.99
28.99
28.99
28.99
29.09
29.09
29.09
29.25
29.25
29.55
29.55
29.69
29.69
29.63
29.63
29.63
29.03
29.03
28.71
28.71
28.71
28.61
28.61
28.09
28.09
26.87
26.87
25.67
24.87
25.17
25.17
24.51
24.51
24.83
24.83
25.47
25.47
25.47
26.55
27.59
27.59
28.29
28.29
29.03
29.03
29.23
29.23
29.23
29.27
29.27
29.27
29.11
29.11
29.15
29.15
29.15
29.37
29.37
29.57
29.57
29.55
29.55
29.55
28.95
28.95
28.11
28.11
27.49
27.49
27.51
27.51
27.51
26.75
26.75
25.63
25.63
24.99
25.01
24.55
24.55
24.65
24.65
24.65
25.33
25.33
26.13
26.13
26.13
27.59
28.63
28.95
28.95
28.95
29.21
29.21
29.29
29.29
29.29
29.29
29.23
29.25
29.25
29.25
29.37
29.37
29.51
29.51
29.55
29.55
29.55
29.07
29.07
28.13
28.13
27.65
27.65
27.57
27.57
27.41
27.41
27.41
26.25
25.51
25.51
25.51
27.09
25.65
25.39
25.39
25.61
25.61
25.61
26.31
26.31
27.23
27.23
27.23
28.33
28.77
28.77
28.77
29.11
29.11
29.09
29.09
28.99
28.99
28.99
28.97
28.97
29.07
29.07
29.07
29.23
29.23
29.15
29.15
28.27
28.27
28.27
26.79
26.25
26.25
26.25
25.85
25.85
25.85
25.77
25.19
25.19
25.19
24.65
24.65
24.91
25.13
25.13
25.13
25.13
25.87
25.87
25.87
26.61
26.61
27.75
27.75
28.73
28.73
29.11
29.11
29.19
29.19
29.11
29.11
28.93
28.93
28.93
29.01
29.01
29.05
29.05
29.05
29.17
29.17
29.13
29.13
28.31
28.31
28.31
26.79
26.79
26.17
26.17
25.79
25.79
25.67
25.67
25.05
25.05
25.05
24.49
24.49
25.63
26.23
26.23
26.35
26.35
26.35
26.69
26.69
27.27
27.27
28.21
28.21
28.21
28.67
28.67
28.59
28.59
28.59
28.39
28.39
28.23
28.23
28.27
28.27
28.27
28.31
28.31
28.31
28.31
28.31
28.15
28.15
27.39
27.39
26.17
26.17
25.33
25.33
24.89
24.89
24.89
24.75
24.75
24.53
24.53
24.53
24.23
24.23
26.33
26.23
26.23
26.23
26.39
26.39
26.85
26.85
27.51
27.51
27.51
28.55
28.93
28.93
28.93
28.87
28.87
28.45
28.45
28.17
28.17
28.17
28.29
28.29
28.27
28.27
28.27
28.21
28.21
28.21
28.23
27.55
27.55
27.55
26.29
25.47
25.47
25.47
24.77
24.77
24.51
24.51
24.31
24.31
24.31
24.07
24.07
23.85
26.95
27.55
27.55
27.55
27.57
27.57
27.79
27.79
28.25
28.25
28.59
28.59
28.59
28.65
28.65
28.65
28.17
27.25
27.25
27.25
26.89
26.89
26.93
26.93
26.93
26.99
26.99
27.05
27.05
26.89
26.89
26.89
26.03
26.03
26.03
25.03
25.03
24.39
24.39
24.39
24.03
24.03
23.95
23.95
23.89
23.89
23.75
23.75
27.15
27.87
27.87
28.07
28.07
28.07
28.23
28.23
28.43
28.43
28.47
28.47
28.47
28.17
28.17
27.31
27.31
27.31
26.53
26.53
25.99
25.99
25.87
25.87
25.87
25.97
25.97
25.99
25.99
25.99
25.81
25.81
25.17
25.17
24.55
24.55
24.55
24.13
24.13
23.87
23.87
23.87
23.83
23.83
23.89
23.89
23.79
23.79
27.23
27.89
27.89
28.09
28.09
28.09
28.23
28.23
28.29
28.29
28.51
28.51
28.51
28.19
28.19
27.37
27.37
27.37
26.39
26.39
25.91
25.91
25.87
25.87
25.87
25.95
25.95
25.95
25.99
25.99
25.73
25.73
25.19
25.19
25.19
24.53
24.53
23.99
23.99
23.87
23.87
23.87
23.81
23.81
23.73
23.73
23.73
23.67
27.05
27.79
27.79
28.07
28.07
28.07
28.11
28.11
28.11
28.15
28.15
28.15
27.91
27.43
27.43
26.05
26.05
25.59
25.59
24.91
24.91
24.91
24.91
24.63
24.67
24.67
24.71
24.71
24.71
24.67
24.67
24.41
24.41
24.41
24.05
24.05
23.75
23.75
23.69
23.69
23.69
23.69
23.69
23.71
23.71
23.71
23.77
23.77
27.09
27.79
27.79
27.79
28.13
28.13
28.23
28.23
28.23
28.23
28.09
27.73
27.73
27.33
27.33
27.33
25.95
25.95
25.41
25.41
24.73
24.73
24.61
24.61
24.65
24.65
24.65
24.71
24.71
24.59
24.59
24.59
24.25
24.25
23.89
23.89
23.89
23.73
23.73
23.79
23.73
23.73
23.73
23.65
23.65
23.71
23.71
23.71
26.13
27.13
27.13
27.53
27.53
27.53
27.53
27.53
27.41
27.41
27.03
27.03
27.03
26.63
26.63
25.59
25.59
25.59
24.87
24.87
24.23
24.23
23.95
23.95
23.91
23.91
23.95
23.95
23.95
23.91
23.91
23.75
23.75
23.75
23.69
23.69
23.67
23.67
23.61
23.61
23.61
23.55
23.55
23.71
23.71
23.71
23.71
23.71
26.61
27.17
27.17
27.51
27.51
27.51
27.49
27.49
27.43
27.43
27.09
27.09
27.09
26.51
26.51
25.69
25.69
25.69
24.71
24.71
24.15
24.15
23.91
23.91
23.91
23.95
23.95
23.91
23.91
23.91
23.91
23.91
23.79
23.79
23.71
23.71
23.71
23.63
23.63
23.63
23.63
23.63
23.63
23.71
23.63
23.63
23.63
23.63
25.77
25.77
25.93
25.93
25.93
26.21
26.21
26.21
26.17
26.17
26.05
26.05
25.63
25.63
25.63
25.31
25.31
24.45
24.45
24.03
24.03
24.03
23.73
23.73
23.65
23.65
23.65
23.65
23.65
23.55
23.55
23.61
23.61
23.61
23.55
23.55
23.55
23.57
23.53
23.53
23.53
23.61
23.61
23.61
23.67
23.67
23.61
23.61
25.45
25.67
25.67
26.21
26.21
26.21
26.27
26.27
26.15
26.15
25.79
25.79
25.79
25.45
25.45
25.45
24.95
24.95
24.35
24.35
24.35
23.87
23.75
23.75
23.75
23.65
23.65
23.67
23.67
23.67
23.67
23.67
23.65
23.65
23.65
23.63
23.63
23.55
23.55
23.59
23.59
23.59
23.59
23.59
23.67
23.67
23.67
23.65
24.09
24.27
24.27
24.65
24.65
24.65
24.83
24.83
24.95
24.95
24.95
24.71
24.71
24.69
24.69
24.47
24.47
24.47
24.11
24.11
23.77
23.77
23.77
23.61
23.61
23.65
23.65
23.61
23.61
23.61
23.57
23.57
23.67
23.67
23.67
23.55
23.55
23.49
23.49
23.49
23.49
23.51
23.59
23.59
23.59
23.59
23.59
23.53
24.09
24.25
24.25
24.25
24.75
24.75
24.75
24.91
24.95
24.95
24.95
24.79
24.79
24.79
24.63
24.63
24.29
24.29
24.29
24.07
23.77
23.77
23.77
23.73
23.73
23.73
23.55
23.55
23.55
23.65
23.61
23.61
23.53
23.53
23.53
23.57
23.57
23.61
23.61
23.61
23.59
23.59
23.53
23.53
23.53
23.61
23.61
23.61
23.57
23.57
23.57
23.73
23.73
23.97
23.97
23.97
24.23
24.23
24.23
24.29
24.25
24.25
24.25
24.21
24.21
24.03
24.03
24.03
23.79
23.79
23.45
23.45
23.39
23.39
23.39
23.45
23.45
23.39
23.39
23.39
23.41
23.41
23.41
23.51
23.51
23.53
23.53
23.49
23.49
23.55
23.55
23.55
23.65
23.65
23.65
23.55
23.43
23.47
23.47
23.47
23.71
23.71
24.03
24.03
24.25
24.25
24.27
24.27
24.27
24.29
24.29
24.27
24.27
24.27
24.27
24.03
23.61
23.61
23.57
23.57
23.57
23.55
23.55
23.55
23.63
23.63
23.63
23.51
23.41
23.41
23.51
23.51
23.51
23.57
23.57
23.57
23.57
23.57
23.53
23.53
23.51
23.51
23.51
23.51
23.23
23.23
23.23
23.43
23.43
23.43
23.73
23.73
23.93
23.93
23.93
24.01
24.01
24.11
24.11
24.11
24.11
24.11
23.87
23.87
23.63
23.63
23.53
23.53
23.49
23.49
23.41
23.41
23.41
23.49
23.49
23.49
23.43
23.43
23.47
23.47
23.51
23.51
23.51
23.51
23.55
23.55
23.57
23.63
23.63
23.63
23.59
23.59
23.29
23.17
23.17
23.17
23.45
23.45
23.79
23.79
23.93
24.03
24.03
24.03
24.07
24.07
24.21
24.21
24.21
24.03
24.03
23.83
23.83
23.53
23.53
23.53
23.41
23.41
23.43
23.43
23.43
23.43
23.35
23.35
23.35
23.35
23.43
23.43
23.45
23.45
23.43
23.43
23.43
23.51
23.51
23.47
23.47
23.47
23.71
23.71
23.17
23.09
23.09
23.09
23.23
23.23
23.47
23.47
23.75
23.75
23.97
23.97
23.97
24.05
24.05
24.03
24.03
24.03
23.89
23.89
23.63
23.63
23.49
23.49
23.49
23.33
23.33
23.35
23.35
23.35
23.35
23.37
23.41
23.41
23.41
23.41
23.39
23.43
23.43
23.43
23.43
23.43
23.49
23.49
23.43
23.43
23.43
23.61
28
Thermal
r64
l48
