31.43
31.63
31.61
31.57
31.29
31.19
30.57
30.57
29.59
28.71
28.71
27.81
27.17
26.65
26.09
25.79
25.17
25.17
24.69
24.93
24.75
24.77
24.77
24.81
24.39
24.57
24.83
24.77
24.59
24.69
25.07
24.89
25.05
25.17
25.25
24.75
25.37
24.95
24.21
24.39
24.15
24.21
23.65
24.03
23.33
23.51
23.69
23.39
31.33
31.39
31.55
31.41
31.19
31.21
30.57
29.85
29.57
28.69
28.05
27.55
26.93
26.73
26.73
26.05
25.29
24.89
25.37
24.65
24.65
24.93
24.41
24.53
24.87
24.71
24.11
24.35
24.35
24.35
24.65
24.81
24.81
25.01
25.01
25.05
25.07
24.65
24.33
24.17
24.11
24.23
23.87
23.75
23.39
23.53
23.35
23.17
31.47
31.21
31.49
31.27
31.27
30.99
30.39
30.33
29.75
28.91
28.63
28.01
27.11
26.37
26.23
25.59
25.59
24.77
24.77
24.69
24.65
24.35
24.33
24.65
24.53
24.23
24.23
24.41
24.83
24.65
24.89
25.13
25.23
24.93
25.37
25.25
24.87
24.87
24.23
24.39
24.35
23.99
23.59
23.81
23.81
23.17
23.39
23.27
31.61
32.11
31.63
31.69
31.69
30.45
30.79
30.23
29.31
29.19
29.09
29.17
28.27
28.27
27.53
26.93
26.53
25.97
26.09
25.97
25.43
25.43
25.31
24.57
25.01
25.13
24.83
25.19
25.29
25.37
25.11
25.41
25.75
25.59
25.75
25.61
25.37
25.11
25.23
24.81
24.53
24.59
24.45
24.21
24.17
23.57
23.57
23.45
32.11
32.33
31.75
31.57
30.63
30.93
30.51
30.05
29.57
29.37
29.37
29.39
28.85
28.39
27.79
27.81
26.93
27.09
26.53
26.35
25.97
26.35
25.37
25.47
25.73
25.13
25.75
25.29
25.07
25.49
25.63
25.91
25.99
25.81
25.79
26.11
25.79
25.93
25.75
25.47
25.63
24.87
25.23
24.93
24.51
24.29
23.93
23.57
31.85
32.41
31.63
31.81
30.93
30.93
30.39
30.03
29.89
29.89
29.37
28.95
28.57
28.45
27.87
27.55
27.31
26.59
26.73
26.17
26.41
25.93
25.55
25.79
25.79
25.29
25.69
25.25
25.17
25.47
25.63
25.63
25.79
25.79
26.05
25.61
26.09
25.85
25.61
25.63
25.59
25.11
25.05
24.87
24.23
24.59
24.35
23.75
32.09
32.13
31.97
31.27
30.79
30.23
30.25
29.75
29.97
29.49
29.43
28.99
28.91
29.03
28.77
28.69
28.31
27.79
27.53
27.53
26.85
26.55
26.35
26.05
26.05
25.73
25.79
26.09
25.53
25.53
26.09
25.87
26.17
26.11
26.11
26.37
26.55
26.73
26.79
26.43
26.31
26.09
26.27
25.81
25.55
24.89
24.47
24.47
32.45
32.69
32.25
31.83
30.87
30.67
29.75
29.77
29.15
28.99
29.19
29.25
28.85
29.11
28.83
28.85
27.99
27.79
27.79
27.11
26.91
26.29
26.47
26.21
26.21
25.81
25.67
25.67
25.67
25.87
25.85
25.75
26.23
26.23
26.21
26.49
26.43
26.71
26.53
26.47
26.47
26.47
26.55
26.21
25.43
25.47
24.71
24.83
32.49
32.95
32.35
31.77
30.85
30.57
29.63
29.11
28.95
28.85
29.05
28.89
28.95
28.99
29.29
29.05
28.65
28.65
27.99
27.87
27.87
27.09
26.87
26.67
26.67
26.31
26.21
26.35
25.91
25.93
26.23
26.21
26.09
26.35
26.41
26.15
26.71
27.15
27.67
27.67
27.99
27.99
27.99
27.43
26.49
26.15
24.81
24.71
32.53
32.55
31.85
31.41
30.99
30.47
30.15
29.37
28.91
28.83
28.95
28.63
28.91
29.11
28.99
28.89
28.17
28.79
28.01
28.01
27.41
27.37
26.87
26.55
26.53
26.27
26.29
26.03
26.03
26.05
26.35
26.35
26.23
26.23
26.21
26.73
27.21
27.41
27.41
28.01
28.63
28.17
27.75
27.43
26.05
26.29
25.17
24.87
32.67
32.95
32.49
32.49
30.79
30.81
29.91
29.29
28.95
28.65
28.57
28.45
28.83
28.77
29.09
28.91
28.71
28.23
28.11
27.43
27.37
27.25
26.61
26.73
26.05
26.43
26.11
26.41
26.27
26.09
26.09
26.03
25.99
26.05
26.31
26.71
27.75
27.25
28.17
28.37
28.43
28.75
28.31
27.79
27.21
27.21
24.45
25.41
32.45
32.61
32.55
31.67
31.67
29.97
29.51
29.39
28.91
28.91
29.03
28.57
29.03
28.79
28.89
29.17
28.31
28.33
28.47
27.93
27.75
27.09
26.97
26.59
26.73
26.43
26.43
25.87
26.59
26.17
25.93
26.03
26.15
25.97
26.55
26.77
27.11
28.11
28.45
28.37
28.71
28.53
28.01
27.81
26.85
26.61
26.61
25.75
32.83
32.85
32.91
32.19
30.65
30.77
29.83
28.97
28.57
28.57
28.63
28.57
28.51
28.51
28.83
28.71
28.71
28.69
28.11
27.95
27.23
27.29
26.29
26.31
26.21
25.99
26.53
26.65
26.31
25.85
26.03
25.79
26.27
26.03
26.17
26.67
27.31
27.31
29.05
29.31
29.45
29.19
29.05
28.11
27.59
26.83
25.59
25.35
33.13
32.97
32.35
31.67
31.33
30.63
30.63
28.91
28.59
28.59
28.01
28.37
28.69
28.57
28.57
28.57
28.63
28.63
27.87
28.37
26.99
27.09
26.27
26.77
26.21
26.11
26.05
25.87
26.27
25.91
25.73
25.81
26.03
26.59
26.43
26.85
27.73
28.45
29.03
29.17
29.05
29.43
29.25
28.31
27.63
26.93
25.19
25.29
33.17
33.35
32.83
32.17
31.11
31.05
30.11
29.11
29.03
28.33
28.19
28.31
28.23
28.57
28.75
28.47
28.47
28.19
27.91
27.75
27.37
26.91
26.73
26.47
26.27
25.91
25.85
26.31
25.81
25.91
25.99
26.09
25.79
26.37
26.31
27.21
27.69
28.63
29.03
29.03
29.57
29.05
28.99
28.47
26.87
26.97
25.13
25.11
33.25
33.35
33.61
31.49
31.41
30.77
30.23
29.55
28.75
28.33
28.27
28.37
28.27
28.27
28.71
28.37
28.19
28.47
28.31
28.13
27.35
26.87
26.49
26.55
26.47
25.93
26.47
25.79
26.03
26.03
25.87
25.91
25.91
25.91
26.53
26.71
27.91
27.87
29.03
29.35
29.35
29.31
29.19
28.85
26.87
26.93
26.71
24.89
33.35
33.63
33.39
33.39
30.71
30.79
30.25
29.69
28.37
28.47
28.65
28.59
28.23
28.23
28.57
28.83
28.31
28.27
28.39
27.85
27.47
26.91
26.35
26.35
26.29
25.91
26.15
26.23
26.09
25.93
25.97
25.97
25.99
25.93
26.37
26.83
27.81
28.75
29.35
29.57
29.55
29.23
29.43
28.95
27.35
27.29
25.55
25.69
33.63
33.73
33.03
32.95
31.05
30.85
30.03
29.25
28.83
28.43
28.27
28.53
28.33
28.31
28.37
28.65
28.43
28.45
28.11
27.67
27.41
26.93
26.93
26.47
26.29
26.31
26.31
26.17
26.27
26.31
25.91
25.91
26.05
26.05
26.43
26.93
27.91
28.01
28.99
29.19
29.65
29.97
29.35
29.05
28.07
26.73
25.99
25.47
33.43
33.41
33.57
31.61
31.47
31.07
30.09
29.59
28.59
28.39
28.51
28.33
28.23
28.37
28.75
28.77
28.33
28.47
28.39
28.39
27.43
27.23
26.91
26.37
26.41
26.15
25.99
25.99
25.87
25.73
25.93
25.69
26.05
26.27
26.35
26.61
26.91
29.11
29.03
29.31
29.55
29.45
29.31
28.95
27.75
26.99
25.63
25.67
33.61
33.63
33.57
33.07
32.19
30.87
30.25
29.97
29.37
28.53
28.59
28.47
27.99
28.51
28.57
28.57
28.69
28.33
28.45
28.05
27.47
26.93
27.03
26.21
25.93
26.35
25.81
26.09
25.75
26.11
26.11
25.87
26.17
25.97
26.43
27.11
27.75
28.53
29.15
29.37
29.55
29.77
29.57
28.75
27.49
27.63
25.75
25.81
33.93
33.69
33.25
33.25
31.39
31.39
30.91
29.93
29.31
28.79
28.47
28.45
28.39
28.59
28.51
28.63
28.37
28.57
28.57
27.95
27.25
27.31
26.53
26.37
25.99
26.21
25.97
25.91
26.15
26.31
26.31
25.73
25.97
25.97
26.83
26.71
26.71
27.69
29.11
29.23
29.23
29.59
29.59
28.97
27.87
27.03
26.21
25.47
33.71
33.73
33.33
32.81
32.03
31.47
31.25
29.45
29.19
28.65
28.57
28.17
28.53
28.53
28.53
28.57
28.27
28.23
28.13
27.73
27.73
26.85
26.83
26.17
26.27
26.29
25.97
26.27
26.09
25.93
26.31
26.17
26.03
26.03
26.11
26.85
27.85
28.71
28.95
29.59
29.59
29.25
29.31
28.71
27.87
27.59
25.73
25.41
33.99
33.95
33.95
33.39
31.57
31.25
30.65
30.15
23.83
28.57
28.65
28.45
28.23
28.17
28.53
28.95
28.01
28.33
28.11
27.95
27.11
27.11
26.55
26.77
26.65
26.27
26.35
26.03
25.69
25.69
25.69
26.17
26.05
25.87
26.27
27.21
27.49
28.27
28.77
29.37
29.59
29.51
29.03
28.91
28.91
26.55
26.27
25.63
33.71
33.79
33.43
32.89
32.89
30.85
30.53
30.09
29.55
29.03
28.63
28.31
28.47
28.39
28.27
28.19
28.57
28.57
27.73
27.47
27.11
26.91
26.67
26.11
26.41
26.15
26.03
26.23
25.97
25.67
25.81
25.81
25.93
26.05
26.65
27.23
27.95
28.07
29.31
29.31
29.57
29.57
29.35
29.17
27.43
26.27
26.03
25.43
33.55
33.57
33.05
32.85
31.53
31.49
31.11
30.37
28.99
29.15
28.65
28.59
28.45
28.45
27.99
28.11
27.93
28.07
27.75
27.31
27.15
26.61
26.35
26.41
26.21
26.03
26.03
25.67
26.15
26.15
25.75
25.85
25.79
26.23
26.47
26.67
26.67
29.45
29.17
29.23
29.65
29.83
29.55
28.69
28.01
27.35
25.35
25.59
33.41
33.29
33.03
32.71
31.77
31.11
31.05
29.31
29.05
28.65
28.71
28.23
28.31
27.91
27.91
28.31
28.27
28.19
27.61
27.95
27.31
27.21
27.11
26.83
26.27
26.05
26.47
26.09
26.35
26.05
26.05
25.87
25.87
26.05
26.47
26.67
27.41
28.85
29.03
29.31
29.99
30.15
29.75
29.09
27.43
27.59
25.93
25.75
33.71
33.21
33.29
32.59
32.59
31.55
30.39
30.23
29.05
28.79
28.79
28.51
28.33
27.95
27.99
27.81
27.99
28.27
27.85
27.67
27.11
26.61
26.47
26.41
26.23
26.09
26.09
25.87
26.31
25.93
25.99
26.31
26.05
26.23
26.37
27.03
27.85
28.79
29.05
29.05
29.57
29.57
29.57
29.05
27.25
27.41
26.41
25.05
33.33
33.11
32.77
32.75
31.39
30.91
30.77
29.97
29.65
28.85
28.65
28.07
28.19
28.23
28.23
28.11
28.11
27.91
27.73
27.53
26.97
26.93
26.65
26.27
25.79
25.99
25.81
25.85
25.85
25.97
26.05
25.93
25.97
25.99
26.17
26.85
27.15
29.11
28.89
29.51
29.63
29.85
29.59
29.49
27.35
26.99
26.43
26.03
33.41
33.19
32.75
32.49
31.33
31.27
30.67
30.15
28.83
28.65
28.65
28.63
28.01
28.01
28.07
28.07
28.01
28.27
27.75
27.55
27.17
26.49
26.49
26.21
26.37
26.31
26.15
26.15
26.03
26.21
26.05
26.21
26.21
26.03
26.91
26.91
27.61
28.33
29.09
29.45
29.85
29.69
29.51
28.65
27.95
27.73
25.69
25.79
32.85
32.95
32.61
32.11
31.95
31.13
30.63
29.29
29.05
28.59
28.63
28.43
28.57
28.25
27.81
28.07
27.91
27.87
27.59
27.73
27.35
27.21
26.71
26.03
26.05
26.41
26.05
26.41
26.21
25.75
25.75
25.87
26.05
26.05
26.31
26.67
27.17
27.17
29.35
29.23
29.79
29.99
29.43
29.05
28.23
28.23
25.91
25.63
32.97
32.85
32.27
31.97
31.41
30.73
30.47
29.97
29.19
28.77
28.43
28.63
28.39
28.25
28.17
28.23
28.27
28.11
28.19
27.67
27.41
27.11
26.65
26.61
26.59
26.05
26.27
25.67
25.73
25.91
25.79
25.69
26.37
25.97
26.79
26.67
27.21
27.85
29.31
29.39
29.77
29.63
29.63
29.37
27.15
27.31
25.67
25.73
32.75
32.99
32.53
32.33
32.33
30.45
30.93
29.43
29.11
28.77
28.45
28.33
28.39
27.85
27.91
28.23
28.23
28.17
27.95
28.05
27.21
27.09
26.59
26.35
26.31
26.43
26.41
26.09
25.81
25.81
26.21
26.21
26.11
25.99
26.41
26.79
27.67
28.13
28.75
29.37
29.79
29.97
29.71
29.45
28.45
28.45
26.65
25.55
32.69
32.33
32.53
31.85
31.05
31.05
30.23
29.63
29.37
28.91
28.91
28.37
28.19
28.31
28.45
28.33
28.57
28.19
28.19
27.95
27.91
27.47
27.09
26.91
26.47
26.41
25.91
25.99
25.69
25.69
25.85
25.85
25.99
26.43
26.43
27.09
27.61
27.93
29.17
29.71
29.85
29.85
29.57
29.09
28.31
27.61
27.61
26.29
32.69
32.61
32.35
32.35
30.47
30.93
30.19
29.83
29.29
28.53
28.51
28.31
28.37
28.27
28.43
28.45
28.51
28.53
28.53
28.53
27.81
27.37
27.03
26.61
26.41
26.67
26.49
26.29
26.43
26.31
26.17
26.15
26.09
26.15
26.53
27.03
27.29
27.99
29.45
29.51
29.91
29.83
29.83
28.99
28.07
27.73
25.75
25.93
32.33
32.11
31.81
31.81
30.87
30.87
30.09
29.45
29.05
28.77
28.11
28.17
28.13
28.19
28.19
28.77
28.75
28.79
28.69
28.59
28.59
27.11
27.03
27.03
26.59
26.43
26.49
25.97
26.37
26.09
26.17
25.99
26.09
26.29
26.53
26.87
27.15
27.99
28.59
29.23
29.71
29.85
29.65
29.45
28.45
27.63
26.67
25.93
32.49
32.27
32.27
31.75
30.59
30.25
30.09
29.45
29.17
28.43
28.11
28.37
28.11
28.27
28.69
28.53
28.77
28.77
28.65
28.53
27.59
27.35
27.15
26.29
26.41
25.99
26.41
26.37
26.37
26.35
26.05
26.05
26.03
25.99
26.83
26.77
27.63
28.17
29.05
29.25
29.91
29.91
29.79
29.15
28.39
27.75
26.43
25.87
32.19
32.19
31.67
31.15
30.73
30.71
30.15
29.31
29.05
28.75
28.31
28.25
28.57
28.65
28.71
28.63
28.83
28.95
29.03
28.63
27.91
27.35
27.17
26.87
26.41
26.15
26.47
26.03
26.23
26.37
25.99
26.03
26.03
26.05
26.61
26.47
27.91
28.13
28.91
29.35
29.49
30.03
29.89
29.31
28.37
27.93
25.85
25.91
32.11
31.99
31.41
30.85
30.85
29.85
29.71
29.37
28.97
28.53
28.53
28.11
28.39
28.37
29.11
28.75
29.03
29.03
28.39
28.77
28.23
27.79
27.05
26.91
26.31
26.35
26.59
26.61
25.93
26.31
25.99
26.05
26.05
26.21
26.55
26.87
27.29
27.85
29.09
29.31
29.91
29.77
29.75
29.29
27.99
27.25
26.37
25.99
31.77
31.97
31.47
31.47
30.51
30.15
29.51
29.19
28.95
28.17
28.37
28.37
28.25
28.33
28.79
29.11
29.11
28.91
28.91
28.83
28.17
28.07
27.63
26.91
26.71
26.59
26.67
26.23
26.35
26.09
26.29
26.29
26.43
26.35
26.43
27.09
27.35
28.95
29.59
29.59
30.09
30.47
30.03
29.23
28.79
26.31
26.05
25.97
31.89
31.77
31.41
31.21
31.21
30.29
29.03
28.95
28.47
27.93
28.25
28.37
28.69
28.25
28.59
29.03
29.25
29.39
29.03
29.31
27.93
27.53
27.53
27.17
26.77
27.09
26.55
26.83
26.29
26.35
26.47
26.47
26.17
26.35
27.05
27.21
27.91
28.85
29.57
29.51
29.89
29.89
30.09
30.09
28.33
26.35
26.29
26.17
31.83
32.05
31.29
30.93
30.05
29.83
29.55
29.31
28.65
28.23
28.17
28.13
28.13
28.77
28.77
28.75
28.99
28.99
28.75
28.85
27.93
27.55
27.17
27.23
26.61
26.27
26.43
26.21
26.21
26.09
26.09
26.03
25.91
26.29
26.91
26.99
27.55
27.69
29.43
29.37
29.55
29.71
29.35
28.75
28.07
27.55
27.55
25.31
31.29
31.43
31.33
30.09
29.89
29.69
29.35
28.91
28.37
27.99
28.19
28.01
28.45
28.25
28.97
29.15
28.63
29.23
28.77
28.07
28.33
27.91
26.97
26.91
26.77
26.53
26.47
26.47
26.03
26.03
26.05
25.85
26.27
26.35
26.47
26.65
28.11
28.25
29.17
29.25
29.75
29.77
29.31
28.97
28.33
27.53
26.59
25.59
31.95
31.63
30.85
30.71
29.93
29.75
29.29
28.39
28.25
28.07
27.87
27.99
28.53
28.25
28.57
28.99
29.35
29.31
29.15
28.83
28.33
27.55
27.05
26.37
26.55
26.21
26.35
26.31
26.03
26.03
25.87
26.05
26.09
26.27
26.53
26.99
27.23
29.03
29.25
29.35
29.93
29.93
29.29
28.89
28.25
27.21
25.91
25.49
31.61
31.53
30.85
30.77
29.69
29.69
28.99
28.53
28.33
27.75
28.01
27.99
28.33
28.25
28.45
29.15
29.15
28.77
28.75
28.75
28.27
27.91
27.41
26.37
26.59
26.31
26.43
26.09
26.17
26.15
26.15
26.11
26.17
26.31
26.37
26.59
27.41
29.15
29.25
29.37
29.55
29.45
29.65
28.79
28.79
26.17
25.97
25.87
31.11
31.25
30.65
30.23
29.31
28.77
28.47
28.23
28.07
27.67
27.85
27.93
28.13
28.43
28.79
28.83
28.69
28.85
28.47
28.47
28.37
28.53
26.71
26.77
26.61
26.73
26.65
26.35
26.31
25.87
25.87
26.15
25.93
25.97
26.43
26.93
27.85
28.11
28.89
29.03
29.45
29.83
29.43
29.03
27.73
27.11
26.37
25.81
31.11
31.35
30.91
30.17
29.77
29.17
29.15
28.25
27.93
27.93
27.75
27.85
28.19
28.65
28.65
28.95
28.91
29.23
28.85
28.85
28.27
27.61
27.31
26.87
26.53
26.11
26.09
25.91
26.17
26.03
26.55
26.11
26.27
25.93
26.27
27.23
27.87
27.75
28.39
29.43
29.55
29.57
29.57
29.45
27.75
27.31
26.73
24.99
30.59
30.93
30.51
30.51
29.75
29.23
28.89
27.99
27.81
27.49
27.55
27.87
28.31
28.37
28.57
28.85
29.09
29.23
29.19
29.03
28.77
27.59
27.37
27.17
26.79
26.61
26.21
26.35
26.05
25.75
26.11
25.97
25.97
26.21
26.21
26.87
27.41
28.07
29.35
29.51
29.85
29.35
29.23
29.19
27.41
27.21
26.37
25.05
31.49
31.49
30.29
30.23
30.23
28.47
28.83
28.37
27.87
27.93
27.87
27.53
27.87
28.53
28.65
28.89
29.65
29.17
29.11
28.75
28.47
28.47
27.21
26.87
26.77
26.77
26.37
26.47
26.11
26.11
26.21
26.17
25.67
26.49
26.55
27.29
27.49
28.11
28.89
29.09
29.39
29.51
29.17
28.89
27.31
27.05
26.27
25.81
30.85
31.01
30.43
29.91
29.91
28.45
28.77
27.85
27.63
27.73
27.55
27.85
28.25
28.23
28.83
28.69
28.85
29.23
29.43
28.45
28.17
27.75
27.75
27.15
26.49
26.65
26.15
26.31
26.27
25.91
25.99
25.87
26.11
26.11
26.83
27.37
27.93
28.43
28.99
29.11
29.23
29.23
29.23
28.99
27.41
26.71
25.59
25.13
30.73
30.43
30.29
29.65
29.03
28.85
28.85
28.17
27.47
28.13
27.85
27.75
28.39
28.59
29.11
29.11
29.51
29.43
29.45
29.37
28.11
28.11
27.67
26.87
26.73
26.43
26.35
26.15
26.11
26.27
26.31
26.03
26.47
26.03
26.53
26.71
27.69
28.23
29.29
29.31
29.25
29.19
29.37
29.37
27.03
27.03
26.15
25.59
30.85
30.65
30.15
29.71
28.91
29.23
27.63
28.17
27.55
27.99
27.61
28.17
28.37
28.79
29.29
29.23
29.17
29.17
29.25
29.55
28.39
28.19
27.23
26.91
26.41
26.55
26.49
26.21
26.23
25.79
26.23
25.97
25.99
26.03
26.59
27.17
27.29
28.07
29.09
29.43
29.49
29.51
29.39
28.79
26.93
27.23
25.75
25.19
30.59
30.43
30.29
29.37
28.91
28.27
28.39
28.11
27.75
27.87
27.47
27.81
28.07
28.27
28.85
29.23
29.63
29.43
29.19
29.17
28.51
28.13
27.49
26.97
26.61
26.61
26.05
26.11
25.73
25.81
25.75
26.47
26.27
26.27
26.37
27.25
27.09
27.85
28.43
29.35
29.45
29.37
29.25
28.39
26.67
26.67
25.93
25.35
30.67
30.67
29.91
29.43
28.71
28.77
28.77
27.81
27.49
27.37
27.29
28.27
28.07
28.25
28.59
29.15
29.45
29.59
29.45
28.23
28.11
28.01
27.69
26.77
26.77
26.67
26.49
26.17
25.99
25.99
26.21
26.03
26.09
26.09
26.09
27.05
27.23
27.67
28.83
28.89
29.43
29.23
28.95
28.53
27.03
26.49
25.97
25.59
30.29
30.15
30.11
29.59
28.77
28.57
28.27
27.75
27.55
27.23
27.23
27.25
27.95
28.63
28.91
29.45
29.37
29.63
29.55
29.55
27.85
28.07
27.53
26.31
26.53
26.67
26.29
26.09
26.03
25.85
26.11
26.15
26.17
26.17
26.41
26.97
27.69
28.63
29.37
29.23
29.45
29.35
29.35
28.65
27.75
26.87
26.05
25.53
30.71
30.19
29.77
29.17
28.79
28.11
28.05
27.43
27.05
27.31
27.81
27.61
28.07
28.01
28.51
28.77
29.11
28.95
28.97
29.11
28.33
27.63
27.21
26.67
25.93
26.15
26.27
25.97
25.73
26.21
25.61
25.75
26.03
26.21
26.77
26.87
27.29
27.37
28.71
28.97
29.19
28.97
28.27
28.31
27.49
26.65
25.85
25.49
30.17
30.51
30.09
28.83
28.65
28.57
28.19
27.73
27.35
27.29
27.29
27.53
28.05
27.87
28.77
28.69
28.95
29.31
28.99
28.95
28.37
27.69
27.21
26.65
26.67
26.03
26.09
26.21
25.81
26.41
26.03
25.81
25.73
25.85
26.31
26.87
26.97
27.79
29.31
28.59
28.97
28.95
28.95
28.19
27.29
26.43
25.75
25.41
29.79
30.11
29.93
29.93
28.45
28.33
27.69
27.59
27.29
27.21
27.03
27.29
27.81
27.99
27.99
28.37
28.37
28.75
28.43
28.43
28.17
27.43
26.47
26.79
26.29
26.21
25.91
25.93
25.99
25.93
25.85
25.97
26.17
26.11
26.11
27.11
27.23
27.43
28.43
28.69
28.97
28.33
28.83
27.85
26.91
26.41
25.55
25.29
30.03
30.09
29.65
29.37
28.57
28.57
28.05
27.69
27.09
27.49
27.43
27.23
27.47
27.73
27.69
27.99
28.43
28.43
28.75
28.33
27.69
27.37
26.71
26.77
26.47
26.47
26.37
26.09
25.91
25.79
26.27
25.97
26.09
26.23
26.49
26.49
27.31
27.63
28.45
28.97
29.19
29.11
28.23
27.95
27.11
26.27
25.81
25.81
30.11
30.03
29.57
29.29
28.77
28.53
27.95
27.49
27.09
26.79
26.93
27.37
27.59
27.81
28.37
28.25
28.37
28.57
28.39
28.11
27.95
27.61
26.67
26.35
26.41
26.23
26.05
26.21
26.05
26.05
26.11
26.09
26.09
26.41
26.83
27.25
27.69
27.67
29.11
29.29
29.05
28.65
28.25
28.13
27.23
26.87
25.43
25.43
30.11
29.83
29.85
28.99
28.31
28.31
27.75
27.25
27.25
26.87
27.09
26.93
26.87
27.23
27.03
26.93
27.61
27.61
27.25
27.85
27.25
26.79
26.59
26.55
26.27
26.05
25.93
26.27
26.09
26.09
25.79
25.97
25.87
25.87
26.37
26.37
26.71
27.21
27.31
27.93
28.37
27.87
27.61
27.11
26.27
26.27
25.73
25.73
30.17
29.71
29.35
29.17
28.25
28.01
27.85
27.03
27.11
26.83
26.97
27.11
27.21
27.21
27.31
27.47
27.93
27.43
27.43
27.47
27.47
26.79
26.83
26.65
26.15
26.05
25.79
25.93
25.81
25.99
26.09
25.91
25.85
26.05
26.47
26.87
26.77
27.11
28.07
28.17
28.31
28.07
27.73
27.15
27.15
25.59
25.59
25.19
29.59
29.71
29.15
29.15
28.31
27.63
27.99
27.17
26.79
26.65
26.55
26.73
26.55
26.41
26.73
26.73
27.17
27.15
27.15
26.93
26.77
26.59
26.21
25.99
25.73
26.03
25.67
25.69
25.41
25.59
25.59
25.67
25.85
25.85
25.75
26.29
26.79
26.73
27.05
27.37
27.35
27.37
27.25
26.61
26.61
25.19
25.11
25.07
29.77
29.59
28.99
28.77
28.17
28.17
27.73
27.17
27.05
26.91
26.91
26.47
26.61
26.37
26.35
26.53
26.47
26.47
26.47
26.47
26.29
26.37
25.79
25.85
25.37
25.63
25.25
25.73
25.49
25.37
25.67
25.67
25.67
25.47
26.15
26.27
26.43
26.41
26.55
27.03
26.79
26.67
26.73
26.15
26.15
25.69
25.43
25.43
29.65
29.49
29.55
29.19
28.37
27.61
27.61
27.09
26.73
26.85
26.43
26.41
26.43
26.79
26.59
26.23
26.37
27.11
26.49
26.37
26.59
26.27
25.75
25.69
25.69
25.59
25.59
25.49
25.59
25.37
25.37
25.69
25.61
25.25
25.49
26.15
26.23
26.09
26.61
27.11
27.11
27.17
26.61
26.59
25.97
25.85
25.55
24.59
28
Thermal
r64
l48
