0.0
25.31
24.15
24.15
24.15
23.83
23.63
23.63
23.59
23.59
23.59
23.47
23.47
23.39
23.39
23.39
23.13
23.13
23.25
23.25
23.21
23.21
23.21
23.33
23.33
23.43
23.43
23.43
23.37
23.37
23.37
23.49
23.51
23.51
23.51
23.47
23.47
23.47
23.47
23.47
23.47
23.47
23.45
23.45
23.39
23.39
23.39
23.19
23.63
23.77
23.77
23.77
23.79
23.79
23.71
23.71
23.55
23.55
23.55
23.41
23.41
23.29
23.29
23.29
23.23
23.23
23.29
23.29
23.29
23.27
23.27
23.31
23.31
23.31
23.47
23.47
23.45
23.45
23.49
23.49
23.49
23.55
23.55
23.53
23.53
23.49
23.49
23.49
23.53
23.53
23.27
23.27
23.27
23.31
23.31
23.31
23.65
23.81
23.81
23.81
23.73
23.73
23.73
23.63
23.63
23.47
23.47
23.49
23.49
23.49
23.33
23.33
23.23
23.23
23.23
23.19
23.19
23.23
23.23
23.23
23.41
23.45
23.45
23.45
23.63
23.63
23.61
23.61
23.61
23.55
23.55
23.57
23.57
23.57
23.61
23.61
23.57
23.57
23.45
23.45
23.45
23.31
23.31
23.31
23.65
23.65
23.83
23.83
23.87
23.87
23.67
23.67
23.67
23.53
23.53
23.37
23.37
23.37
23.29
23.29
23.29
23.29
23.31
23.31
23.31
23.41
23.41
23.41
23.49
23.49
23.49
23.57
23.59
23.59
23.61
23.61
23.61
23.55
23.55
23.57
23.57
23.57
23.59
23.59
23.59
23.57
23.57
23.45
23.45
23.37
23.37
23.39
23.85
23.85
23.85
23.85
23.87
23.87
23.69
23.69
23.57
23.57
23.51
23.51
23.51
23.27
23.27
23.21
23.21
23.21
23.21
23.21
23.37
23.37
23.51
23.51
23.51
23.51
23.51
23.55
23.55
23.55
23.59
23.59
23.59
23.55
23.53
23.53
23.53
23.61
23.61
23.49
23.49
23.49
23.47
23.47
23.39
23.39
23.37
23.37
23.59
23.89
23.89
23.91
23.91
23.91
23.79
23.79
23.63
23.63
23.41
23.41
23.41
23.29
23.29
23.13
23.13
23.13
23.13
23.17
23.37
23.37
23.37
23.37
23.37
23.51
23.51
23.47
23.47
23.47
23.57
23.57
23.59
23.59
23.57
23.57
23.57
23.65
23.65
23.65
23.65
23.65
23.51
23.51
23.45
23.45
23.45
23.37
23.75
23.87
23.87
23.87
23.87
23.87
23.73
23.73
23.67
23.67
23.67
23.57
23.57
23.35
23.35
23.25
23.25
23.25
23.19
23.19
23.19
23.21
23.21
23.37
23.37
23.43
23.43
23.45
23.45
23.45
23.45
23.45
23.61
23.61
23.61
23.61
23.61
23.65
23.65
23.65
23.63
23.63
23.63
23.63
23.53
23.53
23.53
23.47
23.75
23.93
23.93
23.99
23.99
23.99
23.85
23.85
23.65
23.65
23.63
23.63
23.43
23.43
23.31
23.31
23.31
23.35
23.35
23.31
23.31
23.31
23.41
23.41
23.43
23.43
23.43
23.51
23.51
23.53
23.53
23.53
23.59
23.59
23.61
23.61
23.69
23.69
23.69
23.61
23.61
23.55
23.55
23.61
23.61
23.61
23.41
23.41
23.71
23.87
23.87
23.89
23.89
23.85
23.85
23.85
23.67
23.67
23.75
23.75
23.75
23.41
23.41
23.41
23.21
23.21
23.25
23.25
23.27
23.27
23.27
23.27
23.27
23.41
23.41
23.53
23.53
23.53
23.61
23.61
23.55
23.55
23.57
23.57
23.57
23.61
23.61
23.69
23.69
23.69
23.69
23.69
23.79
23.79
23.79
23.53
23.69
23.81
23.81
23.97
23.97
23.97
23.97
23.97
23.97
23.85
23.59
23.59
23.59
23.29
23.29
23.31
23.31
23.31
23.25
23.25
23.09
23.09
23.21
23.21
23.21
23.35
23.35
23.47
23.47
23.47
23.47
23.59
23.67
23.67
23.71
23.71
23.71
23.77
23.77
23.75
23.75
23.75
23.69
23.69
23.69
23.75
23.75
23.75
23.75
23.79
23.91
23.91
23.91
23.91
23.91
23.87
23.87
23.61
23.61
23.61
23.47
23.47
23.39
23.39
23.39
23.39
23.27
23.15
23.15
23.15
23.07
23.07
23.23
23.23
23.39
23.39
23.39
23.43
23.43
23.49
23.49
23.49
23.57
23.57
23.67
23.67
23.67
23.77
23.77
23.83
23.83
23.85
23.85
23.85
23.71
23.61
23.83
23.83
23.83
23.99
23.99
24.09
24.09
24.01
24.01
24.01
23.63
23.63
23.63
23.49
23.49
23.35
23.35
23.11
23.11
23.11
23.11
23.11
23.15
23.15
23.17
23.17
23.17
23.31
23.31
23.61
23.61
23.61
23.59
23.59
23.77
23.77
23.69
23.69
23.69
23.77
23.77
23.87
23.87
23.87
23.83
23.83
23.71
23.71
23.75
23.87
23.87
24.03
24.03
24.05
24.05
24.05
23.95
23.95
23.71
23.71
23.71
23.45
23.45
23.27
23.27
23.27
23.23
23.23
23.23
23.09
23.11
23.11
23.11
23.19
23.19
23.37
23.37
23.37
23.49
23.49
23.55
23.55
23.63
23.63
23.63
23.75
23.75
23.79
23.79
23.79
23.79
23.77
23.89
23.89
23.83
23.83
23.75
23.95
23.95
23.95
24.09
24.09
24.09
24.15
23.95
23.95
23.59
23.59
23.59
23.35
23.35
23.33
23.33
23.33
23.23
23.23
23.09
23.09
23.13
23.13
23.13
23.17
23.17
23.17
23.39
23.39
23.45
23.45
23.63
23.63
23.71
23.71
23.71
23.75
23.75
23.83
23.83
23.83
23.87
23.87
23.79
23.83
23.83
23.83
23.97
23.93
23.93
24.03
24.03
24.25
24.25
24.25
24.11
24.11
23.69
23.69
23.51
23.51
23.41
23.41
23.41
23.41
23.29
23.25
23.25
23.25
23.21
23.21
23.33
23.33
23.53
23.53
23.53
23.53
23.53
23.59
23.59
23.61
23.61
23.61
23.61
23.61
23.67
23.67
23.67
23.77
23.77
23.77
23.77
23.77
23.67
23.67
23.67
23.99
23.99
24.19
24.19
24.19
24.25
24.25
24.09
24.09
23.77
23.77
23.77
23.49
23.49
23.39
23.39
23.39
23.29
23.29
23.29
23.25
23.21
23.21
23.21
23.41
23.41
23.51
23.51
23.51
23.51
23.57
23.67
23.67
23.65
23.65
23.65
23.63
23.63
23.71
23.71
23.71
23.79
23.79
23.89
23.89
23.73
23.73
24.01
24.01
23.99
23.99
24.17
24.31
24.31
24.31
24.07
24.07
24.07
23.83
23.83
23.57
23.57
23.47
23.47
23.47
23.45
23.45
23.43
23.43
23.47
23.47
23.47
23.51
23.51
23.55
23.55
23.55
23.63
23.63
23.61
23.61
23.65
23.65
23.65
23.67
23.67
23.63
23.63
23.63
23.63
23.77
23.73
23.73
23.69
23.69
23.99
23.99
24.05
24.05
24.05
24.25
24.25
24.31
24.31
24.05
24.05
24.05
23.69
23.69
23.61
23.61
23.61
23.61
23.47
23.53
23.53
23.51
23.51
23.51
23.55
23.55
23.61
23.61
23.61
23.59
23.59
23.65
23.65
23.63
23.63
23.63
23.59
23.59
23.61
23.61
23.61
23.61
23.61
23.67
23.67
23.67
23.63
23.63
24.07
24.07
24.07
24.11
24.11
24.23
24.23
24.23
24.21
24.21
23.97
23.97
23.97
23.61
23.61
23.45
23.45
23.45
23.49
23.49
23.51
23.51
23.57
23.57
23.57
23.73
23.73
23.73
23.73
23.73
23.73
23.73
23.65
23.65
23.55
23.55
23.55
23.59
23.59
23.59
23.59
23.59
23.65
23.65
23.73
23.73
23.73
23.67
23.93
24.01
24.01
24.01
24.23
24.23
24.39
24.39
24.25
24.25
24.11
24.11
24.11
23.85
23.85
23.71
23.71
23.71
23.69
23.69
23.89
23.89
23.75
23.75
23.75
23.87
23.87
23.83
23.83
23.83
23.69
23.69
23.63
23.63
23.55
23.55
23.55
23.53
23.53
23.61
23.61
23.61
23.69
23.69
23.63
23.63
23.53
23.53
24.01
24.01
24.01
24.07
24.07
24.29
24.29
24.37
24.37
24.37
24.13
24.13
23.97
23.97
23.83
23.83
23.83
23.95
23.95
23.99
23.99
24.05
24.05
24.05
23.95
23.95
23.97
23.97
23.97
23.91
23.91
23.75
23.75
23.75
23.63
23.63
23.63
23.63
23.59
23.59
23.59
23.61
23.61
23.61
23.61
23.61
23.61
23.61
24.03
24.03
24.03
24.23
24.23
24.43
24.43
24.43
24.39
24.39
24.07
24.07
24.07
24.07
23.85
23.91
23.91
23.97
23.97
23.97
24.01
24.01
24.05
24.05
24.05
24.03
24.03
23.99
23.99
23.99
23.97
23.97
23.73
23.73
23.63
23.63
23.63
23.63
23.63
23.65
23.65
23.65
23.65
23.65
23.67
23.67
23.63
23.63
23.91
23.91
24.05
24.27
24.27
24.45
24.45
24.45
24.47
24.47
24.33
24.33
24.33
24.19
24.19
24.05
24.05
24.05
24.17
24.17
24.27
24.27
24.27
24.31
24.31
24.29
24.29
24.29
24.29
24.29
24.11
24.11
23.99
23.99
23.81
23.81
23.81
23.71
23.71
23.77
23.77
23.77
23.77
23.69
23.69
23.69
23.69
23.69
23.97
23.97
23.97
24.05
24.41
24.41
24.41
24.61
24.61
24.33
24.33
24.33
24.33
24.33
24.11
24.11
24.19
24.19
24.19
24.29
24.29
24.27
24.27
24.27
24.35
24.35
24.35
24.31
24.07
24.07
24.07
23.95
23.95
23.87
23.87
23.87
23.71
23.71
23.71
23.71
23.71
23.75
23.67
23.67
23.63
23.63
23.63
23.59
24.07
24.15
24.15
24.49
24.49
24.49
24.75
24.75
24.93
24.93
24.93
25.07
25.07
24.93
24.93
24.89
24.89
24.89
24.87
24.87
25.65
25.65
25.65
26.25
26.25
26.45
26.45
26.45
26.21
26.21
25.77
25.77
25.77
24.93
24.93
24.01
24.01
23.85
23.85
23.79
23.79
23.79
23.71
23.71
23.81
23.81
23.81
23.71
24.21
24.21
24.21
24.21
24.41
24.41
24.77
24.77
24.99
24.99
24.99
25.05
25.05
24.97
24.97
24.87
24.87
24.87
24.99
24.99
25.79
25.79
25.79
26.23
26.23
26.35
26.35
26.17
26.17
26.17
25.61
25.61
24.91
24.91
24.91
24.17
24.17
23.85
23.85
23.85
23.85
23.85
23.75
23.75
23.77
23.77
23.77
23.69
24.13
24.21
24.21
24.61
24.61
24.61
25.21
25.21
25.85
25.85
25.85
26.29
26.29
26.29
26.15
26.31
26.31
26.31
27.27
27.27
29.43
29.43
30.47
30.99
30.99
30.81
30.81
30.81
29.85
29.85
28.27
28.27
26.89
25.63
24.59
24.59
24.21
24.21
23.93
23.93
23.93
23.77
23.77
23.77
23.79
23.79
23.79
23.69
24.59
24.21
24.21
24.21
24.57
24.57
25.19
25.19
25.19
25.95
25.95
26.29
26.29
26.13
26.13
26.13
26.13
26.49
27.37
27.37
29.73
29.73
30.81
31.05
31.05
31.05
30.91
30.91
29.55
28.79
28.79
28.79
27.03
27.03
25.39
24.47
24.47
24.47
24.07
23.91
23.91
23.91
23.79
23.79
23.79
23.79
23.79
23.79
23.79
24.29
24.29
24.77
24.77
24.77
25.73
25.73
25.73
26.95
27.95
27.95
28.01
28.01
28.01
27.87
27.87
29.47
30.67
30.67
30.67
36.43
36.43
36.43
37.25
37.25
36.73
36.73
34.53
34.53
32.79
30.25
28.07
28.07
26.09
26.09
24.71
24.31
24.31
24.07
24.07
23.97
23.97
23.97
23.83
23.83
23.77
23.77
27.71
25.09
24.59
24.59
25.31
25.31
25.31
26.73
27.69
27.69
27.69
27.69
28.65
28.55
28.55
29.27
29.27
29.27
31.75
34.35
34.35
34.35
39.49
39.49
39.75
39.75
39.75
38.17
36.25
36.25
33.95
31.03
31.03
28.31
26.13
26.13
24.89
24.25
24.25
24.09
24.09
24.09
24.09
23.87
23.87
23.87
23.85
23.85
23.95
24.35
24.35
24.55
25.35
25.35
25.35
26.85
27.59
27.59
27.59
28.55
28.55
28.49
28.49
29.67
29.67
31.15
32.91
32.91
35.35
38.09
39.65
39.65
39.85
39.85
39.03
39.03
39.03
36.41
33.69
30.99
30.99
28.01
25.59
25.59
24.75
24.75
24.17
24.17
24.05
24.05
24.05
24.01
24.01
23.97
23.97
23.97
27.01
27.01
25.17
25.17
25.17
25.53
25.53
27.09
28.29
28.29
29.25
29.25
29.55
29.55
29.39
29.39
29.39
32.51
34.17
34.17
38.29
41.11
42.77
42.77
43.09
43.09
42.11
42.11
42.11
38.81
35.71
35.71
32.37
28.73
26.57
26.57
24.99
24.45
24.45
24.45
24.11
24.11
24.01
24.01
23.99
23.99
23.99
23.87
25.07
24.57
24.57
24.57
25.07
25.07
26.61
26.61
27.77
28.87
29.57
29.57
29.53
29.53
29.53
29.85
29.85
32.31
32.31
34.83
39.33
41.17
41.17
42.81
42.95
42.95
42.95
41.57
39.07
37.49
37.49
33.69
30.55
30.55
27.65
25.57
24.47
24.47
24.19
24.19
23.99
23.99
23.99
23.99
23.87
23.91
23.91
23.99
29.89
25.59
24.79
24.79
25.69
25.69
25.69
27.23
28.39
28.39
29.61
29.61
29.97
29.61
29.61
29.61
31.61
34.59
34.59
36.89
41.13
41.13
41.13
44.75
44.75
44.71
44.71
44.71
42.01
39.69
39.69
36.09
31.37
28.69
28.69
26.07
26.07
24.81
24.81
24.29
24.15
24.15
24.05
24.05
24.05
24.03
24.03
23.95
23.95
24.89
24.89
24.87
24.87
26.17
26.17
27.37
28.33
28.33
29.61
29.61
29.69
29.69
29.47
29.47
29.47
32.97
35.17
35.17
38.81
41.51
43.73
43.73
44.47
44.47
43.43
43.43
43.43
37.55
37.55
33.71
33.71
30.17
26.77
26.77
25.27
24.55
24.55
24.21
24.21
24.21
24.03
24.03
24.07
24.07
24.07
24.01
24.43
24.43
24.43
24.91
24.91
24.91
24.91
26.17
28.83
28.83
28.83
29.61
29.61
29.61
29.41
29.41
31.13
34.05
34.05
36.23
40.21
42.51
42.51
44.09
44.43
44.43
44.43
42.95
40.39
38.23
38.23
34.45
31.39
31.39
28.15
25.71
24.67
24.67
24.23
24.23
23.99
23.99
23.99
23.97
23.97
23.95
23.95
23.93
25.67
25.67
24.67
24.67
24.67
25.59
26.53
26.53
26.53
27.85
28.63
28.63
28.63
28.55
28.55
28.69
28.69
31.83
31.83
34.43
37.91
37.91
39.71
39.71
41.19
41.53
41.53
40.15
38.01
38.01
35.65
32.49
32.49
29.09
27.01
25.39
25.39
24.41
24.41
24.17
24.17
24.17
24.03
24.03
23.99
23.99
23.93
23.93
23.93
24.21
24.21
24.61
24.61
25.31
25.31
25.31
26.35
27.15
27.15
27.15
27.37
27.37
26.95
26.95
28.77
28.77
30.45
31.77
31.77
33.61
35.19
35.19
36.05
36.05
36.13
36.13
36.13
34.37
32.29
30.05
30.05
28.57
28.57
24.71
24.71
24.71
24.13
24.13
24.03
24.03
24.03
24.03
23.89
23.91
23.91
23.99
25.29
25.29
24.43
24.43
25.07
25.07
25.83
25.83
25.83
26.59
26.59
27.19
27.19
27.19
26.87
26.87
28.33
29.23
29.23
30.83
32.89
32.89
34.51
35.73
36.19
36.19
36.19
35.03
33.87
33.87
32.27
29.97
27.71
27.71
26.15
26.15
25.05
24.33
24.33
24.13
24.13
24.07
24.07
24.07
23.99
23.99
23.89
23.89
24.19
24.33
24.33
24.57
24.57
24.97
24.97
24.97
25.53
25.53
26.33
26.33
26.33
26.25
26.25
26.27
26.27
27.59
27.59
28.79
30.19
30.19
31.13
31.13
32.45
32.45
32.87
32.87
31.79
30.79
30.79
30.79
28.39
26.37
25.43
25.43
25.43
24.31
24.13
24.13
24.13
23.97
23.97
23.95
23.95
23.93
23.93
23.93
24.61
24.35
24.35
24.35
24.57
24.57
24.87
24.87
24.97
24.97
24.97
25.41
25.41
25.43
25.43
25.43
25.71
25.71
26.61
26.61
28.35
28.35
29.15
29.15
30.05
30.05
30.05
30.21
30.21
29.03
27.87
27.87
26.87
26.87
25.35
25.35
24.57
24.57
24.09
24.09
24.09
23.95
23.95
23.97
23.97
23.97
23.97
23.97
25.15
24.51
24.51
24.51
24.51
24.77
24.77
24.77
25.09
25.09
25.35
25.35
25.35
25.53
25.53
25.57
25.57
26.27
26.27
26.27
27.81
28.49
28.49
28.49
29.75
30.11
30.11
30.11
29.69
29.69
28.33
26.99
26.99
25.97
25.97
25.01
24.33
24.33
24.33
24.11
24.11
23.89
23.89
23.89
23.99
23.99
23.95
23.95
24.27
24.27
24.35
24.35
24.41
24.41
24.41
24.57
24.57
24.65
24.65
24.75
24.75
24.75
24.61
24.61
24.61
25.01
25.01
25.01
25.47
26.33
26.33
27.05
27.05
27.05
27.35
27.35
26.99
26.99
26.99
26.01
26.01
24.99
24.67
24.67
24.67
24.07
24.07
23.99
23.99
23.99
23.99
23.99
24.07
24.07
24.07
24.07
24.11
24.27
24.41
24.41
24.37
24.37
24.37
24.25
24.25
24.33
24.33
24.33
24.37
24.37
24.37
24.29
24.29
24.29
24.29
24.47
24.47
24.81
24.81
24.81
25.25
25.25
25.25
25.33
25.33
25.21
25.21
24.69
24.69
24.69
24.35
24.35
24.07
24.07
24.07
24.03
24.07
24.07
24.07
23.97
23.97
23.97
23.97
23.97
24.31
24.31
24.39
24.39
24.37
24.37
24.37
24.37
24.31
24.31
24.31
24.17
24.17
24.33
24.33
24.29
24.29
24.29
24.31
24.31
24.31
24.63
24.63
25.11
25.11
25.37
25.37
25.33
25.33
25.33
24.89
24.89
24.49
24.49
24.49
24.17
24.17
23.95
23.95
23.99
23.99
23.99
23.99
23.99
23.99
24.01
24.01
24.07
24.31
24.39
24.39
24.39
24.33
24.33
24.19
24.19
24.05
24.05
24.05
24.05
23.93
23.79
23.79
23.79
23.73
23.73
23.61
23.61
23.65
23.65
23.65
23.91
23.91
23.95
23.95
23.99
23.99
23.99
24.13
24.13
24.07
24.07
24.07
23.89
23.89
23.89
23.95
23.95
24.01
24.01
24.05
24.05
24.05
24.07
24.07
24.01
24.25
24.45
24.45
24.37
24.37
24.37
24.17
24.17
24.09
24.09
23.99
23.99
23.99
23.89
23.89
23.87
23.87
23.87
23.75
23.75
23.57
23.57
23.57
23.81
23.81
24.05
24.05
24.11
24.11
24.11
24.01
24.01
23.95
23.95
23.95
23.91
23.91
23.87
23.87
23.99
23.99
23.99
23.87
23.87
23.99
23.99
23.99
24.09
24.17
24.33
24.33
24.29
24.29
24.29
24.07
24.07
23.71
23.71
23.71
23.57
23.57
23.61
23.61
23.33
23.33
23.33
23.01
23.01
22.85
22.85
22.85
23.03
23.03
23.19
23.19
23.23
23.23
23.23
23.43
23.43
23.49
23.49
23.49
23.73
23.73
23.83
23.83
23.91
23.91
23.91
23.99
23.99
23.89
23.89
23.89
23.99
24.19
24.35
24.35
24.35
24.33
24.33
24.05
24.05
23.81
23.81
23.81
23.73
23.73
23.55
23.55
23.37
23.37
23.37
23.11
23.11
22.95
22.95
22.95
22.95
23.13
23.29
23.29
23.39
23.39
23.39
23.43
23.43
23.47
23.47
23.47
23.69
23.69
23.71
23.71
23.89
23.89
23.89
23.97
23.97
23.99
23.99
23.99
23.99
24.07
24.19
24.19
24.03
24.03
24.03
23.61
23.61
23.37
23.37
23.37
23.05
23.05
23.05
22.91
22.15
22.15
22.15
21.77
21.77
21.77
21.11
21.11
20.95
20.95
21.05
21.05
21.05
21.33
21.33
21.57
21.57
22.21
22.21
22.21
22.81
22.81
23.33
23.33
23.33
23.33
23.61
23.87
23.87
23.99
23.99
23.99
24.19
23.95
24.23
24.23
24.23
24.15
24.15
23.61
23.61
23.61
23.25
23.25
22.97
22.97
22.97
22.79
22.79
22.41
22.41
21.71
21.71
20.95
20.95
20.95
20.83
20.83
20.83
21.01
21.01
21.23
21.23
21.53
21.53
21.53
22.25
22.25
22.95
22.95
23.37
23.37
23.37
23.37
23.77
23.95
23.95
23.93
23.93
23.93
23.99
21.63
23.69
24.01
24.01
23.75
23.75
23.75
23.31
23.31
22.83
22.83
22.83
22.59
22.59
22.39
22.39
21.25
20.89
20.89
20.89
19.75
19.29
19.29
19.29
19.35
19.35
19.57
19.57
19.57
19.83
19.83
20.63
20.63
20.63
21.61
21.61
22.61
22.61
23.41
23.41
23.41
23.77
23.77
23.95
23.95
23.93
23.93
23.93
23.67
24.07
24.07
24.07
23.95
23.55
23.55
23.05
23.05
23.05
22.71
22.71
22.69
22.69
22.31
22.31
22.31
21.05
20.71
20.71
19.49
19.49
19.21
19.21
19.29
19.29
19.29
19.29
19.63
20.05
20.05
20.77
20.77
20.77
21.85
22.51
22.51
22.51
23.21
23.21
23.69
23.69
23.91
23.91
24.03
24.03
24.03
24.05
24.05
24.11
24.11
23.85
23.85
23.85
23.13
23.13
22.49
22.49
22.03
22.03
22.03
21.91
21.91
21.03
21.03
21.03
19.75
18.19
17.13
17.13
16.57
16.57
16.57
16.49
16.49
16.49
16.75
17.33
17.33
17.33
18.57
19.97
20.71
20.71
20.71
22.07
22.95
22.95
22.95
23.63
23.63
23.87
23.87
23.87
24.05
24.05
23.11
23.93
23.93
23.81
23.81
23.81
23.13
22.57
22.57
22.57
22.15
22.15
21.89
21.89
21.67
21.67
21.67
20.25
19.39
19.39
17.49
17.49
16.69
16.69
16.55
16.55
16.55
16.55
16.77
16.77
17.37
18.53
18.53
19.85
20.91
20.91
21.73
21.73
22.91
22.91
23.59
23.59
23.79
23.79
23.95
23.95
24.03
24.03
23.91
24.05
24.05
24.05
23.61
23.61
22.81
22.81
22.81
22.07
22.07
21.59
21.59
21.59
21.49
21.49
21.49
19.85
18.77
17.37
15.91
15.91
15.91
15.21
14.97
14.97
14.97
15.19
15.19
15.97
15.97
17.25
17.25
18.61
20.43
20.91
20.91
20.91
22.21
23.29
23.29
23.67
23.67
23.85
23.85
23.85
23.91
23.91
23.61
23.99
23.99
23.55
23.55
23.55
22.79
22.79
22.01
22.01
21.41
21.41
21.41
21.27
21.27
19.67
19.67
19.01
19.01
16.91
16.91
15.13
14.03
14.03
13.75
13.75
13.91
13.91
14.55
14.55
15.45
15.45
15.45
17.53
19.21
19.21
20.51
21.55
21.55
22.71
23.47
23.47
23.47
23.77
23.77
24.05
24.05
24.11
22.75
22.75
23.75
23.75
23.75
23.37
23.37
22.61
22.61
21.69
21.69
21.69
21.39
21.39
21.17
21.17
19.55
19.55
18.11
16.31
16.31
16.31
13.83
13.83
13.83
13.69
13.69
14.09
14.09
14.89
14.89
14.89
14.89
19.41
19.41
19.41
20.49
21.71
22.63
22.63
22.63
23.61
23.61
23.97
23.97
23.97
24.03
24.03
23.59
23.97
23.97
23.73
23.73
23.73
22.97
22.97
22.17
22.17
21.47
21.47
21.47
21.19
21.19
21.19
20.49
20.49
18.19
16.65
14.75
14.75
13.81
13.81
13.41
13.41
13.41
13.85
13.85
14.51
14.51
15.65
17.13
18.21
18.21
19.91
20.95
20.95
20.95
23.33
23.33
23.77
23.77
23.77
23.95
23.95
23.95
24.01
24.01
24.01
23.97
23.97
23.37
23.37
23.37
22.77
22.77
22.03
22.03
22.03
22.03
21.65
21.35
21.35
19.47
19.47
17.95
16.79
16.79
16.79
14.51
14.51
14.33
14.33
14.33
14.81
14.81
15.41
15.41
15.41
16.87
18.53
18.53
19.87
21.29
22.07
22.07
22.07
23.17
23.77
23.77
23.77
23.93
24.13
24.13
24.09
23.27
23.27
23.95
23.95
23.55
23.55
23.55
22.89
22.89
22.23
22.23
22.23
21.73
21.73
21.39
21.39
19.07
19.07
18.29
18.29
15.77
14.97
14.97
14.97
14.53
14.53
14.53
14.61
14.61
14.61
15.27
16.69
16.69
17.99
19.29
20.63
20.63
21.93
22.71
22.71
22.71
23.55
23.55
23.93
23.93
24.05
24.05
24.05
23.41
23.99
23.99
23.99
23.75
23.75
23.75
23.27
23.27
22.67
22.11
22.11
22.11
21.97
21.97
21.97
21.29
21.29
19.63
18.03
17.03
17.03
17.03
16.19
16.19
16.09
16.09
16.09
16.57
16.57
17.31
17.31
17.31
18.79
20.41
20.41
21.21
21.21
22.43
23.15
23.15
23.15
23.77
23.77
24.03
24.03
24.05
24.05
24.25
24.27
24.27
24.07
24.07
24.07
23.49
23.49
22.83
22.83
22.31
22.31
22.31
21.95
21.95
21.17
21.17
21.17
19.49
18.43
17.17
17.17
16.53
16.53
16.19
16.19
16.19
16.33
16.33
17.07
17.07
18.31
18.31
19.29
19.29
20.95
20.95
21.89
21.89
23.07
23.07
23.59
23.59
23.91
23.91
24.07
24.07
24.07
23.73
24.25
24.25
24.27
24.27
23.85
23.85
23.85
23.29
23.29
22.85
22.85
22.85
22.63
22.63
21.97
21.97
21.97
20.77
19.99
19.99
18.97
18.97
18.57
18.57
18.61
18.61
18.61
18.75
18.75
18.97
19.77
19.77
19.77
21.17
21.89
21.89
21.89
22.95
23.49
23.49
23.49
23.89
23.89
23.89
24.09
24.07
24.07
28
Thermal
r64
l48

